
New Data
Sno:	Word:	Rank(Size,Key,Rank,errorAt):
	1	होरीराम	[7,1,3,0,1615.09]	
	2	ने	[7,1,3,0,1433.082]	
	3	दोनों	[7,1,6,0,1475.0843]	
	4	बैलों	[7,3,2,0,2651.1516]	
	5	को	[7,0,1,0,1318.0754]	[7,0,7,0,1204.0688]	
	6	सानी	[7,4,1,0,3723.213]	
	7	पानी	[7,2,5,0,2099.1201]	
	8	देकर	[7,3,1,0,2839.1624]	
	9	अपनी	[7,1,5,0,1587.0908]	
	10	स्त्री	[7,2,5,0,2240.1281]	
	11	धनिया	[7,2,6,0,1964.1123]	
	12	से	[7,2,1,0,2326.133]	
	13	कहा	[7,1,3,0,1565.0895]	
	14	गोबर	[7,3,1,0,2029.116]	
	15	ऊख	[7,1,1,0,1460.0835]	
	16	गोड़ने	[7,1,2,0,1515.0867]	
	17	भेज	[7,2,6,0,1945.1112]	
	18	देना	[7,3,1,0,2107.1205]	

End Data
New Data
Sno:	Word:	Rank(Size,Key,Rank,errorAt):
	1	होरीराम	[7,1,3,0,1615.09]	[7,1,3,p1,1423.08]	
	2	ने	[7,1,3,0,1433.082]	[7,1,3,p1,1424.0815]	
	3	दोनों	[7,1,6,0,1475.0843]	[7,1,6,p1,1606.0919]	
	4	बैलों	[7,3,2,0,2651.1516]	[7,3,2,p1,2510.1436]	
	5	को	[7,0,1,0,1318.0754]	[7,0,7,0,1204.0688]	[7,0,1,p1,1103.0631]	[7,0,7,p1,1189.068]	
	6	सानी	[7,4,1,0,3723.213]	[7,4,1,p1,3307.1891]	
	7	पानी	[7,2,5,0,2099.1201]	[7,2,5,p1,2089.1195]	
	8	देकर	[7,3,1,0,2839.1624]	[7,3,1,p1,2537.1451]	
	9	अपनी	[7,1,5,0,1587.0908]	[7,1,5,p1,1482.0848]	
	10	स्त्री	[7,2,5,0,2240.1281]	[7,2,5,p1,2206.1262]	
	11	धनिया	[7,2,6,0,1964.1123]	[7,3,1,p1,2077.1188]	
	12	से	[7,2,1,0,2326.133]	[7,2,1,p1,2263.1295]	
	13	कहा	[7,1,3,0,1565.0895]	[7,1,3,p1,1506.0862]	
	14	गोबर	[7,3,1,0,2029.116]	[7,3,1,p1,2099.12]	
	15	ऊख	[7,1,1,0,1460.0835]	
	16	गोड़ने	[7,1,2,0,1515.0867]	[7,1,2,p1,1458.0834]	
	17	भेज	[7,2,6,0,1945.1112]	
	18	देना	[7,3,1,0,2107.1205]	[7,2,7,p1,1721.0984]	

End Data
New Data
Sno:	Word:	Rank(Size,Key,Rank,errorAt):
	1	होरीराम	[7,1,3,0,1615.09]	[7,1,3,p1,1423.08]	[7,1,3,2,1356.08]	
	2	ने	[7,1,3,0,1433.082]	[7,1,3,p1,1424.0815]	[7,1,3,2,1414.0809]	
	3	दोनों	[7,1,6,0,1475.0843]	[7,1,6,p1,1606.0919]	[7,1,6,2,1496.0855]	
	4	बैलों	[7,3,2,0,2651.1516]	[7,3,2,p1,2510.1436]	[7,4,6,2,2814.161]	
	5	को	[7,0,1,0,1318.0754]	[7,0,7,0,1204.0688]	[7,0,1,p1,1103.0631]	[7,0,7,p1,1189.068]	[7,0,1,2,1311.075]	[7,0,7,2,1124.0643]	
	6	सानी	[7,4,1,0,3723.213]	[7,4,1,p1,3307.1891]	[7,4,7,2,3558.2035]	
	7	पानी	[7,2,5,0,2099.1201]	[7,2,5,p1,2089.1195]	[7,4,7,2,3115.1782]	
	8	देकर	[7,3,1,0,2839.1624]	[7,3,1,p1,2537.1451]	[7,4,4,2,2422.1385]	
	9	अपनी	[7,1,5,0,1587.0908]	[7,1,5,p1,1482.0848]	[7,1,5,2,1509.0863]	
	10	स्त्री	[7,2,5,0,2240.1281]	[7,2,5,p1,2206.1262]	
	11	धनिया	[7,2,6,0,1964.1123]	[7,3,1,p1,2077.1188]	[7,3,1,2,2030.1161]	
	12	से	[7,2,1,0,2326.133]	[7,2,1,p1,2263.1295]	
	13	कहा	[7,1,3,0,1565.0895]	[7,1,3,p1,1506.0862]	
	14	गोबर	[7,3,1,0,2029.116]	[7,3,1,p1,2099.12]	[7,3,2,2,1972.1128]	
	15	ऊख	[7,1,1,0,1460.0835]	[7,1,1,2,1324.0758]	
	16	गोड़ने	[7,1,2,0,1515.0867]	[7,1,2,p1,1458.0834]	[7,1,2,2,1399.08]	
	17	भेज	[7,2,6,0,1945.1112]	
	18	देना	[7,3,1,0,2107.1205]	[7,2,7,p1,1721.0984]	[7,3,5,2,1976.1131]	

End Data
New Data
Sno:	Word:	Rank(Size,Key,Rank,errorAt):
	1	होरीराम	[7,1,3,0,1615.09]	[7,1,3,p1,1423.08]	[7,1,3,2,1356.08]	[7,1,3,3,1416.08]	
	2	ने	[7,1,3,0,1433.082]	[7,1,3,p1,1424.0815]	[7,1,3,2,1414.0809]	[7,1,3,3,1446.0827]	
	3	दोनों	[7,1,6,0,1475.0843]	[7,1,6,p1,1606.0919]	[7,1,6,2,1496.0855]	[7,1,6,3,1492.0854]	
	4	बैलों	[7,3,2,0,2651.1516]	[7,3,2,p1,2510.1436]	[7,4,6,2,2814.161]	[7,4,4,3,2735.1564]	
	5	को	[7,0,1,0,1318.0754]	[7,0,7,0,1204.0688]	[7,0,1,p1,1103.0631]	[7,0,7,p1,1189.068]	[7,0,1,2,1311.075]	[7,0,7,2,1124.0643]	[7,0,1,3,1084.062]	[7,0,7,3,1080.0617]	
	6	सानी	[7,4,1,0,3723.213]	[7,4,1,p1,3307.1891]	[7,4,7,2,3558.2035]	
	7	पानी	[7,2,5,0,2099.1201]	[7,2,5,p1,2089.1195]	[7,4,7,2,3115.1782]	[7,2,5,3,2370.1356]	
	8	देकर	[7,3,1,0,2839.1624]	[7,3,1,p1,2537.1451]	[7,4,4,2,2422.1385]	[7,3,1,3,2284.1306]	
	9	अपनी	[7,1,5,0,1587.0908]	[7,1,5,p1,1482.0848]	[7,1,5,2,1509.0863]	[7,1,5,3,1608.0919]	
	10	स्त्री	[7,2,5,0,2240.1281]	[7,2,5,p1,2206.1262]	[7,2,5,3,2279.1304]	
	11	धनिया	[7,2,6,0,1964.1123]	[7,3,1,p1,2077.1188]	[7,3,1,2,2030.1161]	[7,2,6,3,1739.0994]	
	12	से	[7,2,1,0,2326.133]	[7,2,1,p1,2263.1295]	[7,2,1,3,2089.1195]	
	13	कहा	[7,1,3,0,1565.0895]	[7,1,3,p1,1506.0862]	[7,1,3,3,1484.0849]	
	14	गोबर	[7,3,1,0,2029.116]	[7,3,1,p1,2099.12]	[7,3,2,2,1972.1128]	[7,4,2,3,2231.1276]	
	15	ऊख	[7,1,1,0,1460.0835]	[7,1,1,2,1324.0758]	[7,1,1,3,1300.0744]	
	16	गोड़ने	[7,1,2,0,1515.0867]	[7,1,2,p1,1458.0834]	[7,1,2,2,1399.08]	[7,1,2,3,1354.0774]	
	17	भेज	[7,2,6,0,1945.1112]	[7,2,6,3,1839.1052]	
	18	देना	[7,3,1,0,2107.1205]	[7,2,7,p1,1721.0984]	[7,3,5,2,1976.1131]	[7,4,2,3,2863.1637]	

End Data
New Data
Sno:	Word:	Rank(Size,Key,Rank,errorAt):
	1	होरीराम	[7,1,3,0,1615.09]	[7,1,3,p1,1423.08]	[7,1,3,2,1356.08]	[7,1,3,3,1416.08]	[7,1,3,4,1475.08]	
	2	ने	[7,1,3,0,1433.082]	[7,1,3,p1,1424.0815]	[7,1,3,2,1414.0809]	[7,1,3,3,1446.0827]	[7,1,3,4,1447.0827]	
	3	दोनों	[7,1,6,0,1475.0843]	[7,1,6,p1,1606.0919]	[7,1,6,2,1496.0855]	[7,1,6,3,1492.0854]	[7,1,6,4,1392.0797]	
	4	बैलों	[7,3,2,0,2651.1516]	[7,3,2,p1,2510.1436]	[7,4,6,2,2814.161]	[7,4,4,3,2735.1564]	[7,3,2,4,2273.13]	
	5	को	[7,0,1,0,1318.0754]	[7,0,7,0,1204.0688]	[7,0,1,p1,1103.0631]	[7,0,7,p1,1189.068]	[7,0,1,2,1311.075]	[7,0,7,2,1124.0643]	[7,0,1,3,1084.062]	[7,0,7,3,1080.0617]	[7,0,1,4,1081.0618]	[7,0,7,4,1088.0622]	
	6	सानी	[7,4,1,0,3723.213]	[7,4,1,p1,3307.1891]	[7,4,7,2,3558.2035]	[7,4,7,4,3174.1816]	
	7	पानी	[7,2,5,0,2099.1201]	[7,2,5,p1,2089.1195]	[7,4,7,2,3115.1782]	[7,2,5,3,2370.1356]	[7,2,5,4,1957.112]	
	8	देकर	[7,3,1,0,2839.1624]	[7,3,1,p1,2537.1451]	[7,4,4,2,2422.1385]	[7,3,1,3,2284.1306]	[7,3,1,4,1906.109]	
	9	अपनी	[7,1,5,0,1587.0908]	[7,1,5,p1,1482.0848]	[7,1,5,2,1509.0863]	[7,1,5,3,1608.0919]	[7,1,5,4,1416.081]	
	10	स्त्री	[7,2,5,0,2240.1281]	[7,2,5,p1,2206.1262]	[7,2,5,3,2279.1304]	[7,2,5,4,2076.1187]	
	11	धनिया	[7,2,6,0,1964.1123]	[7,3,1,p1,2077.1188]	[7,3,1,2,2030.1161]	[7,2,6,3,1739.0994]	[7,2,6,4,1606.0919]	
	12	से	[7,2,1,0,2326.133]	[7,2,1,p1,2263.1295]	[7,2,1,3,2089.1195]	[7,2,1,4,2059.1178]	
	13	कहा	[7,1,3,0,1565.0895]	[7,1,3,p1,1506.0862]	[7,1,3,3,1484.0849]	[7,1,3,4,1452.083]	
	14	गोबर	[7,3,1,0,2029.116]	[7,3,1,p1,2099.12]	[7,3,2,2,1972.1128]	[7,4,2,3,2231.1276]	[7,3,1,4,1941.111]	
	15	ऊख	[7,1,1,0,1460.0835]	[7,1,1,2,1324.0758]	[7,1,1,3,1300.0744]	[7,1,1,4,1308.0748]	
	16	गोड़ने	[7,1,2,0,1515.0867]	[7,1,2,p1,1458.0834]	[7,1,2,2,1399.08]	[7,1,2,3,1354.0774]	[7,1,2,4,1337.0765]	
	17	भेज	[7,2,6,0,1945.1112]	[7,2,6,3,1839.1052]	[7,2,6,4,1833.1048]	
	18	देना	[7,3,1,0,2107.1205]	[7,2,7,p1,1721.0984]	[7,3,5,2,1976.1131]	[7,4,2,3,2863.1637]	[7,3,1,4,1939.1109]	

End Data
New Data
Sno:	Word:	Rank(Size,Key,Rank,errorAt):
	1	होरीराम	[7,1,3,0,1615.09]	[7,1,3,p1,1423.08]	[7,1,3,2,1356.08]	[7,1,3,3,1416.08]	[7,1,3,4,1475.08]	[7,1,3,5,1363.08]	
	2	ने	[7,1,3,0,1433.082]	[7,1,3,p1,1424.0815]	[7,1,3,2,1414.0809]	[7,1,3,3,1446.0827]	[7,1,3,4,1447.0827]	[7,1,3,5,1368.0782]	
	3	दोनों	[7,1,6,0,1475.0843]	[7,1,6,p1,1606.0919]	[7,1,6,2,1496.0855]	[7,1,6,3,1492.0854]	[7,1,6,4,1392.0797]	[7,1,6,5,1354.0775]	
	4	बैलों	[7,3,2,0,2651.1516]	[7,3,2,p1,2510.1436]	[7,4,6,2,2814.161]	[7,4,4,3,2735.1564]	[7,3,2,4,2273.13]	[7,3,2,5,2266.1296]	
	5	को	[7,0,1,0,1318.0754]	[7,0,7,0,1204.0688]	[7,0,1,p1,1103.0631]	[7,0,7,p1,1189.068]	[7,0,1,2,1311.075]	[7,0,7,2,1124.0643]	[7,0,1,3,1084.062]	[7,0,7,3,1080.0617]	[7,0,1,4,1081.0618]	[7,0,7,4,1088.0622]	[7,0,1,5,1080.0618]	[7,0,7,5,1115.0637]	
	6	सानी	[7,4,1,0,3723.213]	[7,4,1,p1,3307.1891]	[7,4,7,2,3558.2035]	[7,4,7,4,3174.1816]	[7,4,1,5,3151.1802]	
	7	पानी	[7,2,5,0,2099.1201]	[7,2,5,p1,2089.1195]	[7,4,7,2,3115.1782]	[7,2,5,3,2370.1356]	[7,2,5,4,1957.112]	[7,2,5,5,1961.1121]	
	8	देकर	[7,3,1,0,2839.1624]	[7,3,1,p1,2537.1451]	[7,4,4,2,2422.1385]	[7,3,1,3,2284.1306]	[7,3,1,4,1906.109]	[7,3,1,5,1940.111]	
	9	अपनी	[7,1,5,0,1587.0908]	[7,1,5,p1,1482.0848]	[7,1,5,2,1509.0863]	[7,1,5,3,1608.0919]	[7,1,5,4,1416.081]	[7,1,5,5,1555.089]	
	10	स्त्री	[7,2,5,0,2240.1281]	[7,2,5,p1,2206.1262]	[7,2,5,3,2279.1304]	[7,2,5,4,2076.1187]	[7,2,5,5,2110.1207]	
	11	धनिया	[7,2,6,0,1964.1123]	[7,3,1,p1,2077.1188]	[7,3,1,2,2030.1161]	[7,2,6,3,1739.0994]	[7,2,6,4,1606.0919]	[7,2,6,5,1677.0959]	
	12	से	[7,2,1,0,2326.133]	[7,2,1,p1,2263.1295]	[7,2,1,3,2089.1195]	[7,2,1,4,2059.1178]	[7,2,1,5,2088.1194]	
	13	कहा	[7,1,3,0,1565.0895]	[7,1,3,p1,1506.0862]	[7,1,3,3,1484.0849]	[7,1,3,4,1452.083]	[7,1,3,5,1460.0835]	
	14	गोबर	[7,3,1,0,2029.116]	[7,3,1,p1,2099.12]	[7,3,2,2,1972.1128]	[7,4,2,3,2231.1276]	[7,3,1,4,1941.111]	[7,3,1,5,1971.1127]	
	15	ऊख	[7,1,1,0,1460.0835]	[7,1,1,2,1324.0758]	[7,1,1,3,1300.0744]	[7,1,1,4,1308.0748]	[7,1,1,5,1266.0724]	
	16	गोड़ने	[7,1,2,0,1515.0867]	[7,1,2,p1,1458.0834]	[7,1,2,2,1399.08]	[7,1,2,3,1354.0774]	[7,1,2,4,1337.0765]	[7,1,2,5,1368.0783]	
	17	भेज	[7,2,6,0,1945.1112]	[7,2,6,3,1839.1052]	[7,2,6,4,1833.1048]	[7,2,6,5,1951.1116]	
	18	देना	[7,3,1,0,2107.1205]	[7,2,7,p1,1721.0984]	[7,3,5,2,1976.1131]	[7,4,2,3,2863.1637]	[7,3,1,4,1939.1109]	[7,3,1,5,2150.123]	

End Data
New Data
Sno:	Word:	Rank(Size,Key,Rank,errorAt):
	1	होरीराम	[7,1,3,0,1615.09]	[7,1,3,p1,1423.08]	[7,1,3,2,1356.08]	[7,1,3,3,1416.08]	[7,1,3,4,1475.08]	[7,1,3,5,1363.08]	[7,1,3,p2,1412.08]	
	2	ने	[7,1,3,0,1433.082]	[7,1,3,p1,1424.0815]	[7,1,3,2,1414.0809]	[7,1,3,3,1446.0827]	[7,1,3,4,1447.0827]	[7,1,3,5,1368.0782]	[7,1,3,p2,1330.076]	
	3	दोनों	[7,1,6,0,1475.0843]	[7,1,6,p1,1606.0919]	[7,1,6,2,1496.0855]	[7,1,6,3,1492.0854]	[7,1,6,4,1392.0797]	[7,1,6,5,1354.0775]	[7,1,6,p2,1319.0755]	
	4	बैलों	[7,3,2,0,2651.1516]	[7,3,2,p1,2510.1436]	[7,4,6,2,2814.161]	[7,4,4,3,2735.1564]	[7,3,2,4,2273.13]	[7,3,2,5,2266.1296]	[7,4,3,p2,2632.1506]	
	5	को	[7,0,1,0,1318.0754]	[7,0,7,0,1204.0688]	[7,0,1,p1,1103.0631]	[7,0,7,p1,1189.068]	[7,0,1,2,1311.075]	[7,0,7,2,1124.0643]	[7,0,1,3,1084.062]	[7,0,7,3,1080.0617]	[7,0,1,4,1081.0618]	[7,0,7,4,1088.0622]	[7,0,1,5,1080.0618]	[7,0,7,5,1115.0637]	[7,0,1,p2,1099.0629]	[7,0,7,p2,1458.0834]	
	6	सानी	[7,4,1,0,3723.213]	[7,4,1,p1,3307.1891]	[7,4,7,2,3558.2035]	[7,4,7,4,3174.1816]	[7,4,1,5,3151.1802]	[7,4,1,p2,3183.182]	
	7	पानी	[7,2,5,0,2099.1201]	[7,2,5,p1,2089.1195]	[7,4,7,2,3115.1782]	[7,2,5,3,2370.1356]	[7,2,5,4,1957.112]	[7,2,5,5,1961.1121]	[7,2,5,p2,1988.1138]	
	8	देकर	[7,3,1,0,2839.1624]	[7,3,1,p1,2537.1451]	[7,4,4,2,2422.1385]	[7,3,1,3,2284.1306]	[7,3,1,4,1906.109]	[7,3,1,5,1940.111]	[7,3,1,p2,1948.1114]	
	9	अपनी	[7,1,5,0,1587.0908]	[7,1,5,p1,1482.0848]	[7,1,5,2,1509.0863]	[7,1,5,3,1608.0919]	[7,1,5,4,1416.081]	[7,1,5,5,1555.089]	[7,1,5,p2,1444.0826]	
	10	स्त्री	[7,2,5,0,2240.1281]	[7,2,5,p1,2206.1262]	[7,2,5,3,2279.1304]	[7,2,5,4,2076.1187]	[7,2,5,5,2110.1207]	[7,2,5,p2,2064.1181]	
	11	धनिया	[7,2,6,0,1964.1123]	[7,3,1,p1,2077.1188]	[7,3,1,2,2030.1161]	[7,2,6,3,1739.0994]	[7,2,6,4,1606.0919]	[7,2,6,5,1677.0959]	[7,2,6,p2,1637.0937]	
	12	से	[7,2,1,0,2326.133]	[7,2,1,p1,2263.1295]	[7,2,1,3,2089.1195]	[7,2,1,4,2059.1178]	[7,2,1,5,2088.1194]	[7,2,1,p2,2091.1196]	
	13	कहा	[7,1,3,0,1565.0895]	[7,1,3,p1,1506.0862]	[7,1,3,3,1484.0849]	[7,1,3,4,1452.083]	[7,1,3,5,1460.0835]	[7,1,3,p2,1515.0867]	
	14	गोबर	[7,3,1,0,2029.116]	[7,3,1,p1,2099.12]	[7,3,2,2,1972.1128]	[7,4,2,3,2231.1276]	[7,3,1,4,1941.111]	[7,3,1,5,1971.1127]	[7,3,1,p2,1915.1096]	
	15	ऊख	[7,1,1,0,1460.0835]	[7,1,1,2,1324.0758]	[7,1,1,3,1300.0744]	[7,1,1,4,1308.0748]	[7,1,1,5,1266.0724]	[7,1,1,p2,1285.0735]	
	16	गोड़ने	[7,1,2,0,1515.0867]	[7,1,2,p1,1458.0834]	[7,1,2,2,1399.08]	[7,1,2,3,1354.0774]	[7,1,2,4,1337.0765]	[7,1,2,5,1368.0783]	[7,1,2,p2,1395.0798]	
	17	भेज	[7,2,6,0,1945.1112]	[7,2,6,3,1839.1052]	[7,2,6,4,1833.1048]	[7,2,6,5,1951.1116]	[7,2,6,p2,1847.1057]	
	18	देना	[7,3,1,0,2107.1205]	[7,2,7,p1,1721.0984]	[7,3,5,2,1976.1131]	[7,4,2,3,2863.1637]	[7,3,1,4,1939.1109]	[7,3,1,5,2150.123]	[7,3,1,p2,1998.1143]	

End Data
New Data
Sno:	Word:	Rank(Size,Key,Rank,errorAt):
	1	होरीराम	[7,1,3,0,1615.09]	[7,1,3,p1,1423.08]	[7,1,3,2,1356.08]	[7,1,3,3,1416.08]	[7,1,3,4,1475.08]	[7,1,3,5,1363.08]	[7,1,3,p2,1412.08]	[7,1,3,p3,1371.08]	
	2	ने	[7,1,3,0,1433.082]	[7,1,3,p1,1424.0815]	[7,1,3,2,1414.0809]	[7,1,3,3,1446.0827]	[7,1,3,4,1447.0827]	[7,1,3,5,1368.0782]	[7,1,3,p2,1330.076]	[7,1,3,p3,1365.0781]	
	3	दोनों	[7,1,6,0,1475.0843]	[7,1,6,p1,1606.0919]	[7,1,6,2,1496.0855]	[7,1,6,3,1492.0854]	[7,1,6,4,1392.0797]	[7,1,6,5,1354.0775]	[7,1,6,p2,1319.0755]	[7,1,6,p3,1328.076]	
	4	बैलों	[7,3,2,0,2651.1516]	[7,3,2,p1,2510.1436]	[7,4,6,2,2814.161]	[7,4,4,3,2735.1564]	[7,3,2,4,2273.13]	[7,3,2,5,2266.1296]	[7,4,3,p2,2632.1506]	[7,3,2,p3,2228.1275]	
	5	को	[7,0,1,0,1318.0754]	[7,0,7,0,1204.0688]	[7,0,1,p1,1103.0631]	[7,0,7,p1,1189.068]	[7,0,1,2,1311.075]	[7,0,7,2,1124.0643]	[7,0,1,3,1084.062]	[7,0,7,3,1080.0617]	[7,0,1,4,1081.0618]	[7,0,7,4,1088.0622]	[7,0,1,5,1080.0618]	[7,0,7,5,1115.0637]	[7,0,1,p2,1099.0629]	[7,0,7,p2,1458.0834]	[7,0,1,p3,1095.0627]	[7,0,7,p3,1134.0649]	
	6	सानी	[7,4,1,0,3723.213]	[7,4,1,p1,3307.1891]	[7,4,7,2,3558.2035]	[7,4,7,4,3174.1816]	[7,4,1,5,3151.1802]	[7,4,1,p2,3183.182]	[7,4,1,p3,3116.1782]	
	7	पानी	[7,2,5,0,2099.1201]	[7,2,5,p1,2089.1195]	[7,4,7,2,3115.1782]	[7,2,5,3,2370.1356]	[7,2,5,4,1957.112]	[7,2,5,5,1961.1121]	[7,2,5,p2,1988.1138]	[7,2,5,p3,1930.1104]	
	8	देकर	[7,3,1,0,2839.1624]	[7,3,1,p1,2537.1451]	[7,4,4,2,2422.1385]	[7,3,1,3,2284.1306]	[7,3,1,4,1906.109]	[7,3,1,5,1940.111]	[7,3,1,p2,1948.1114]	[7,3,1,p3,1917.1096]	
	9	अपनी	[7,1,5,0,1587.0908]	[7,1,5,p1,1482.0848]	[7,1,5,2,1509.0863]	[7,1,5,3,1608.0919]	[7,1,5,4,1416.081]	[7,1,5,5,1555.089]	[7,1,5,p2,1444.0826]	[7,1,5,p3,1465.0838]	
	10	स्त्री	[7,2,5,0,2240.1281]	[7,2,5,p1,2206.1262]	[7,2,5,3,2279.1304]	[7,2,5,4,2076.1187]	[7,2,5,5,2110.1207]	[7,2,5,p2,2064.1181]	[7,2,5,p3,2456.1405]	
	11	धनिया	[7,2,6,0,1964.1123]	[7,3,1,p1,2077.1188]	[7,3,1,2,2030.1161]	[7,2,6,3,1739.0994]	[7,2,6,4,1606.0919]	[7,2,6,5,1677.0959]	[7,2,6,p2,1637.0937]	[7,2,6,p3,1641.0939]	
	12	से	[7,2,1,0,2326.133]	[7,2,1,p1,2263.1295]	[7,2,1,3,2089.1195]	[7,2,1,4,2059.1178]	[7,2,1,5,2088.1194]	[7,2,1,p2,2091.1196]	[7,2,1,p3,2079.1189]	
	13	कहा	[7,1,3,0,1565.0895]	[7,1,3,p1,1506.0862]	[7,1,3,3,1484.0849]	[7,1,3,4,1452.083]	[7,1,3,5,1460.0835]	[7,1,3,p2,1515.0867]	[7,1,3,p3,1477.0844]	
	14	गोबर	[7,3,1,0,2029.116]	[7,3,1,p1,2099.12]	[7,3,2,2,1972.1128]	[7,4,2,3,2231.1276]	[7,3,1,4,1941.111]	[7,3,1,5,1971.1127]	[7,3,1,p2,1915.1096]	[7,3,1,p3,2069.1184]	
	15	ऊख	[7,1,1,0,1460.0835]	[7,1,1,2,1324.0758]	[7,1,1,3,1300.0744]	[7,1,1,4,1308.0748]	[7,1,1,5,1266.0724]	[7,1,1,p2,1285.0735]	[7,1,1,p3,1508.0863]	
	16	गोड़ने	[7,1,2,0,1515.0867]	[7,1,2,p1,1458.0834]	[7,1,2,2,1399.08]	[7,1,2,3,1354.0774]	[7,1,2,4,1337.0765]	[7,1,2,5,1368.0783]	[7,1,2,p2,1395.0798]	[7,1,2,p3,1846.1056]	
	17	भेज	[7,2,6,0,1945.1112]	[7,2,6,3,1839.1052]	[7,2,6,4,1833.1048]	[7,2,6,5,1951.1116]	[7,2,6,p2,1847.1057]	[7,2,6,p3,2004.1146]	
	18	देना	[7,3,1,0,2107.1205]	[7,2,7,p1,1721.0984]	[7,3,5,2,1976.1131]	[7,4,2,3,2863.1637]	[7,3,1,4,1939.1109]	[7,3,1,5,2150.123]	[7,3,1,p2,1998.1143]	[7,3,1,p3,1996.1142]	

End Data
New Data
Sno:	Word:	Rank(Size,Key,Rank,errorAt):
	1	होरीराम	[7,1,3,0,1615.09]	[7,1,3,p1,1423.08]	[7,1,3,2,1356.08]	[7,1,3,3,1416.08]	[7,1,3,4,1475.08]	[7,1,3,5,1363.08]	[7,1,3,p2,1412.08]	[7,1,3,p3,1371.08]	[7,1,3,p4,1394.08]	
	2	ने	[7,1,3,0,1433.082]	[7,1,3,p1,1424.0815]	[7,1,3,2,1414.0809]	[7,1,3,3,1446.0827]	[7,1,3,4,1447.0827]	[7,1,3,5,1368.0782]	[7,1,3,p2,1330.076]	[7,1,3,p3,1365.0781]	[7,1,3,p4,1390.0795]	
	3	दोनों	[7,1,6,0,1475.0843]	[7,1,6,p1,1606.0919]	[7,1,6,2,1496.0855]	[7,1,6,3,1492.0854]	[7,1,6,4,1392.0797]	[7,1,6,5,1354.0775]	[7,1,6,p2,1319.0755]	[7,1,6,p3,1328.076]	[7,1,6,p4,1394.0798]	
	4	बैलों	[7,3,2,0,2651.1516]	[7,3,2,p1,2510.1436]	[7,4,6,2,2814.161]	[7,4,4,3,2735.1564]	[7,3,2,4,2273.13]	[7,3,2,5,2266.1296]	[7,4,3,p2,2632.1506]	[7,3,2,p3,2228.1275]	[7,3,2,p4,2260.1293]	
	5	को	[7,0,1,0,1318.0754]	[7,0,7,0,1204.0688]	[7,0,1,p1,1103.0631]	[7,0,7,p1,1189.068]	[7,0,1,2,1311.075]	[7,0,7,2,1124.0643]	[7,0,1,3,1084.062]	[7,0,7,3,1080.0617]	[7,0,1,4,1081.0618]	[7,0,7,4,1088.0622]	[7,0,1,5,1080.0618]	[7,0,7,5,1115.0637]	[7,0,1,p2,1099.0629]	[7,0,7,p2,1458.0834]	[7,0,1,p3,1095.0627]	[7,0,7,p3,1134.0649]	[7,0,1,p4,1131.0647]	[7,0,7,p4,1128.0645]	
	6	सानी	[7,4,1,0,3723.213]	[7,4,1,p1,3307.1891]	[7,4,7,2,3558.2035]	[7,4,7,4,3174.1816]	[7,4,1,5,3151.1802]	[7,4,1,p2,3183.182]	[7,4,1,p3,3116.1782]	[7,4,1,p4,3277.1875]	
	7	पानी	[7,2,5,0,2099.1201]	[7,2,5,p1,2089.1195]	[7,4,7,2,3115.1782]	[7,2,5,3,2370.1356]	[7,2,5,4,1957.112]	[7,2,5,5,1961.1121]	[7,2,5,p2,1988.1138]	[7,2,5,p3,1930.1104]	[7,2,5,p4,2121.1213]	
	8	देकर	[7,3,1,0,2839.1624]	[7,3,1,p1,2537.1451]	[7,4,4,2,2422.1385]	[7,3,1,3,2284.1306]	[7,3,1,4,1906.109]	[7,3,1,5,1940.111]	[7,3,1,p2,1948.1114]	[7,3,1,p3,1917.1096]	[7,3,1,p4,2026.1159]	
	9	अपनी	[7,1,5,0,1587.0908]	[7,1,5,p1,1482.0848]	[7,1,5,2,1509.0863]	[7,1,5,3,1608.0919]	[7,1,5,4,1416.081]	[7,1,5,5,1555.089]	[7,1,5,p2,1444.0826]	[7,1,5,p3,1465.0838]	[7,1,5,p4,1524.0871]	
	10	स्त्री	[7,2,5,0,2240.1281]	[7,2,5,p1,2206.1262]	[7,2,5,3,2279.1304]	[7,2,5,4,2076.1187]	[7,2,5,5,2110.1207]	[7,2,5,p2,2064.1181]	[7,2,5,p3,2456.1405]	[7,2,5,p4,2206.1262]	
	11	धनिया	[7,2,6,0,1964.1123]	[7,3,1,p1,2077.1188]	[7,3,1,2,2030.1161]	[7,2,6,3,1739.0994]	[7,2,6,4,1606.0919]	[7,2,6,5,1677.0959]	[7,2,6,p2,1637.0937]	[7,2,6,p3,1641.0939]	[7,2,6,p4,1770.1012]	
	12	से	[7,2,1,0,2326.133]	[7,2,1,p1,2263.1295]	[7,2,1,3,2089.1195]	[7,2,1,4,2059.1178]	[7,2,1,5,2088.1194]	[7,2,1,p2,2091.1196]	[7,2,1,p3,2079.1189]	[7,2,1,p4,2170.1242]	
	13	कहा	[7,1,3,0,1565.0895]	[7,1,3,p1,1506.0862]	[7,1,3,3,1484.0849]	[7,1,3,4,1452.083]	[7,1,3,5,1460.0835]	[7,1,3,p2,1515.0867]	[7,1,3,p3,1477.0844]	[7,1,3,p4,1564.0895]	
	14	गोबर	[7,3,1,0,2029.116]	[7,3,1,p1,2099.12]	[7,3,2,2,1972.1128]	[7,4,2,3,2231.1276]	[7,3,1,4,1941.111]	[7,3,1,5,1971.1127]	[7,3,1,p2,1915.1096]	[7,3,1,p3,2069.1184]	[7,3,1,p4,1966.1124]	
	15	ऊख	[7,1,1,0,1460.0835]	[7,1,1,2,1324.0758]	[7,1,1,3,1300.0744]	[7,1,1,4,1308.0748]	[7,1,1,5,1266.0724]	[7,1,1,p2,1285.0735]	[7,1,1,p3,1508.0863]	[7,1,1,p4,1301.0744]	
	16	गोड़ने	[7,1,2,0,1515.0867]	[7,1,2,p1,1458.0834]	[7,1,2,2,1399.08]	[7,1,2,3,1354.0774]	[7,1,2,4,1337.0765]	[7,1,2,5,1368.0783]	[7,1,2,p2,1395.0798]	[7,1,2,p3,1846.1056]	[7,1,2,p4,1408.0806]	
	17	भेज	[7,2,6,0,1945.1112]	[7,2,6,3,1839.1052]	[7,2,6,4,1833.1048]	[7,2,6,5,1951.1116]	[7,2,6,p2,1847.1057]	[7,2,6,p3,2004.1146]	[7,2,6,p4,1906.1091]	
	18	देना	[7,3,1,0,2107.1205]	[7,2,7,p1,1721.0984]	[7,3,5,2,1976.1131]	[7,4,2,3,2863.1637]	[7,3,1,4,1939.1109]	[7,3,1,5,2150.123]	[7,3,1,p2,1998.1143]	[7,3,1,p3,1996.1142]	[7,3,1,p4,2016.1153]	

End Data
New Data
Sno:	Word:	Rank(Size,Key,Rank,errorAt):
	1	होरीराम	[7,1,3,0,1615.09]	[7,1,3,p1,1423.08]	[7,1,3,2,1356.08]	[7,1,3,3,1416.08]	[7,1,3,4,1475.08]	[7,1,3,5,1363.08]	[7,1,3,p2,1412.08]	[7,1,3,p3,1371.08]	[7,1,3,p4,1394.08]	[7,1,3,p5,1360.08]	
	2	ने	[7,1,3,0,1433.082]	[7,1,3,p1,1424.0815]	[7,1,3,2,1414.0809]	[7,1,3,3,1446.0827]	[7,1,3,4,1447.0827]	[7,1,3,5,1368.0782]	[7,1,3,p2,1330.076]	[7,1,3,p3,1365.0781]	[7,1,3,p4,1390.0795]	[7,1,3,p5,1370.0784]	
	3	दोनों	[7,1,6,0,1475.0843]	[7,1,6,p1,1606.0919]	[7,1,6,2,1496.0855]	[7,1,6,3,1492.0854]	[7,1,6,4,1392.0797]	[7,1,6,5,1354.0775]	[7,1,6,p2,1319.0755]	[7,1,6,p3,1328.076]	[7,1,6,p4,1394.0798]	[7,1,6,p5,1484.0849]	
	4	बैलों	[7,3,2,0,2651.1516]	[7,3,2,p1,2510.1436]	[7,4,6,2,2814.161]	[7,4,4,3,2735.1564]	[7,3,2,4,2273.13]	[7,3,2,5,2266.1296]	[7,4,3,p2,2632.1506]	[7,3,2,p3,2228.1275]	[7,3,2,p4,2260.1293]	[7,3,2,p5,2272.1299]	
	5	को	[7,0,1,0,1318.0754]	[7,0,7,0,1204.0688]	[7,0,1,p1,1103.0631]	[7,0,7,p1,1189.068]	[7,0,1,2,1311.075]	[7,0,7,2,1124.0643]	[7,0,1,3,1084.062]	[7,0,7,3,1080.0617]	[7,0,1,4,1081.0618]	[7,0,7,4,1088.0622]	[7,0,1,5,1080.0618]	[7,0,7,5,1115.0637]	[7,0,1,p2,1099.0629]	[7,0,7,p2,1458.0834]	[7,0,1,p3,1095.0627]	[7,0,7,p3,1134.0649]	[7,0,1,p4,1131.0647]	[7,0,7,p4,1128.0645]	[7,0,1,p5,1174.0672]	[7,0,7,p5,1117.0639]	
	6	सानी	[7,4,1,0,3723.213]	[7,4,1,p1,3307.1891]	[7,4,7,2,3558.2035]	[7,4,7,4,3174.1816]	[7,4,1,5,3151.1802]	[7,4,1,p2,3183.182]	[7,4,1,p3,3116.1782]	[7,4,1,p4,3277.1875]	[7,4,1,p5,3199.183]	
	7	पानी	[7,2,5,0,2099.1201]	[7,2,5,p1,2089.1195]	[7,4,7,2,3115.1782]	[7,2,5,3,2370.1356]	[7,2,5,4,1957.112]	[7,2,5,5,1961.1121]	[7,2,5,p2,1988.1138]	[7,2,5,p3,1930.1104]	[7,2,5,p4,2121.1213]	[7,2,5,p5,1998.1143]	
	8	देकर	[7,3,1,0,2839.1624]	[7,3,1,p1,2537.1451]	[7,4,4,2,2422.1385]	[7,3,1,3,2284.1306]	[7,3,1,4,1906.109]	[7,3,1,5,1940.111]	[7,3,1,p2,1948.1114]	[7,3,1,p3,1917.1096]	[7,3,1,p4,2026.1159]	[7,3,1,p5,2038.1165]	
	9	अपनी	[7,1,5,0,1587.0908]	[7,1,5,p1,1482.0848]	[7,1,5,2,1509.0863]	[7,1,5,3,1608.0919]	[7,1,5,4,1416.081]	[7,1,5,5,1555.089]	[7,1,5,p2,1444.0826]	[7,1,5,p3,1465.0838]	[7,1,5,p4,1524.0871]	[7,1,5,p5,1508.0863]	
	10	स्त्री	[7,2,5,0,2240.1281]	[7,2,5,p1,2206.1262]	[7,2,5,3,2279.1304]	[7,2,5,4,2076.1187]	[7,2,5,5,2110.1207]	[7,2,5,p2,2064.1181]	[7,2,5,p3,2456.1405]	[7,2,5,p4,2206.1262]	[7,2,5,p5,2122.1214]	
	11	धनिया	[7,2,6,0,1964.1123]	[7,3,1,p1,2077.1188]	[7,3,1,2,2030.1161]	[7,2,6,3,1739.0994]	[7,2,6,4,1606.0919]	[7,2,6,5,1677.0959]	[7,2,6,p2,1637.0937]	[7,2,6,p3,1641.0939]	[7,2,6,p4,1770.1012]	[7,2,6,p5,1709.0977]	
	12	से	[7,2,1,0,2326.133]	[7,2,1,p1,2263.1295]	[7,2,1,3,2089.1195]	[7,2,1,4,2059.1178]	[7,2,1,5,2088.1194]	[7,2,1,p2,2091.1196]	[7,2,1,p3,2079.1189]	[7,2,1,p4,2170.1242]	[7,2,1,p5,2135.1221]	
	13	कहा	[7,1,3,0,1565.0895]	[7,1,3,p1,1506.0862]	[7,1,3,3,1484.0849]	[7,1,3,4,1452.083]	[7,1,3,5,1460.0835]	[7,1,3,p2,1515.0867]	[7,1,3,p3,1477.0844]	[7,1,3,p4,1564.0895]	[7,1,3,p5,1885.1079]	
	14	गोबर	[7,3,1,0,2029.116]	[7,3,1,p1,2099.12]	[7,3,2,2,1972.1128]	[7,4,2,3,2231.1276]	[7,3,1,4,1941.111]	[7,3,1,5,1971.1127]	[7,3,1,p2,1915.1096]	[7,3,1,p3,2069.1184]	[7,3,1,p4,1966.1124]	[7,3,1,p5,2193.1254]	
	15	ऊख	[7,1,1,0,1460.0835]	[7,1,1,2,1324.0758]	[7,1,1,3,1300.0744]	[7,1,1,4,1308.0748]	[7,1,1,5,1266.0724]	[7,1,1,p2,1285.0735]	[7,1,1,p3,1508.0863]	[7,1,1,p4,1301.0744]	[7,1,1,p5,1323.0757]	
	16	गोड़ने	[7,1,2,0,1515.0867]	[7,1,2,p1,1458.0834]	[7,1,2,2,1399.08]	[7,1,2,3,1354.0774]	[7,1,2,4,1337.0765]	[7,1,2,5,1368.0783]	[7,1,2,p2,1395.0798]	[7,1,2,p3,1846.1056]	[7,1,2,p4,1408.0806]	[7,1,2,p5,1390.0795]	
	17	भेज	[7,2,6,0,1945.1112]	[7,2,6,3,1839.1052]	[7,2,6,4,1833.1048]	[7,2,6,5,1951.1116]	[7,2,6,p2,1847.1057]	[7,2,6,p3,2004.1146]	[7,2,6,p4,1906.1091]	[7,2,6,p5,1911.1093]	
	18	देना	[7,3,1,0,2107.1205]	[7,2,7,p1,1721.0984]	[7,3,5,2,1976.1131]	[7,4,2,3,2863.1637]	[7,3,1,4,1939.1109]	[7,3,1,5,2150.123]	[7,3,1,p2,1998.1143]	[7,3,1,p3,1996.1142]	[7,3,1,p4,2016.1153]	[7,3,1,p5,1980.1133]	

End Data
New Data
Sno:	Word:	Rank(Size,Key,Rank,errorAt):
	1	होरीराम	[7,1,3,0,1615.09]	[7,1,3,p1,1423.08]	[7,1,3,2,1356.08]	[7,1,3,3,1416.08]	[7,1,3,4,1475.08]	[7,1,3,5,1363.08]	[7,1,3,p2,1412.08]	[7,1,3,p3,1371.08]	[7,1,3,p4,1394.08]	[7,1,3,p5,1360.08]	[7,1,3,ErrRand,1407.08]	
	2	ने	[7,1,3,0,1433.082]	[7,1,3,p1,1424.0815]	[7,1,3,2,1414.0809]	[7,1,3,3,1446.0827]	[7,1,3,4,1447.0827]	[7,1,3,5,1368.0782]	[7,1,3,p2,1330.076]	[7,1,3,p3,1365.0781]	[7,1,3,p4,1390.0795]	[7,1,3,p5,1370.0784]	[7,1,3,ErrRand,1372.0785]	
	3	दोनों	[7,1,6,0,1475.0843]	[7,1,6,p1,1606.0919]	[7,1,6,2,1496.0855]	[7,1,6,3,1492.0854]	[7,1,6,4,1392.0797]	[7,1,6,5,1354.0775]	[7,1,6,p2,1319.0755]	[7,1,6,p3,1328.076]	[7,1,6,p4,1394.0798]	[7,1,6,p5,1484.0849]	[7,1,6,ErrRand,1410.0806]	
	4	बैलों	[7,3,2,0,2651.1516]	[7,3,2,p1,2510.1436]	[7,4,6,2,2814.161]	[7,4,4,3,2735.1564]	[7,3,2,4,2273.13]	[7,3,2,5,2266.1296]	[7,4,3,p2,2632.1506]	[7,3,2,p3,2228.1275]	[7,3,2,p4,2260.1293]	[7,3,2,p5,2272.1299]	[7,3,2,ErrRand,2285.1307]	
	5	को	[7,0,1,0,1318.0754]	[7,0,7,0,1204.0688]	[7,0,1,p1,1103.0631]	[7,0,7,p1,1189.068]	[7,0,1,2,1311.075]	[7,0,7,2,1124.0643]	[7,0,1,3,1084.062]	[7,0,7,3,1080.0617]	[7,0,1,4,1081.0618]	[7,0,7,4,1088.0622]	[7,0,1,5,1080.0618]	[7,0,7,5,1115.0637]	[7,0,1,p2,1099.0629]	[7,0,7,p2,1458.0834]	[7,0,1,p3,1095.0627]	[7,0,7,p3,1134.0649]	[7,0,1,p4,1131.0647]	[7,0,7,p4,1128.0645]	[7,0,1,p5,1174.0672]	[7,0,7,p5,1117.0639]	[7,0,1,ErrRand,1076.0615]	[7,0,7,ErrRand,1125.0644]	
	6	सानी	[7,4,1,0,3723.213]	[7,4,1,p1,3307.1891]	[7,4,7,2,3558.2035]	[7,4,7,4,3174.1816]	[7,4,1,5,3151.1802]	[7,4,1,p2,3183.182]	[7,4,1,p3,3116.1782]	[7,4,1,p4,3277.1875]	[7,4,1,p5,3199.183]	
	7	पानी	[7,2,5,0,2099.1201]	[7,2,5,p1,2089.1195]	[7,4,7,2,3115.1782]	[7,2,5,3,2370.1356]	[7,2,5,4,1957.112]	[7,2,5,5,1961.1121]	[7,2,5,p2,1988.1138]	[7,2,5,p3,1930.1104]	[7,2,5,p4,2121.1213]	[7,2,5,p5,1998.1143]	[7,2,5,ErrRand,2441.1397]	
	8	देकर	[7,3,1,0,2839.1624]	[7,3,1,p1,2537.1451]	[7,4,4,2,2422.1385]	[7,3,1,3,2284.1306]	[7,3,1,4,1906.109]	[7,3,1,5,1940.111]	[7,3,1,p2,1948.1114]	[7,3,1,p3,1917.1096]	[7,3,1,p4,2026.1159]	[7,3,1,p5,2038.1165]	[7,3,1,ErrRand,2036.1165]	
	9	अपनी	[7,1,5,0,1587.0908]	[7,1,5,p1,1482.0848]	[7,1,5,2,1509.0863]	[7,1,5,3,1608.0919]	[7,1,5,4,1416.081]	[7,1,5,5,1555.089]	[7,1,5,p2,1444.0826]	[7,1,5,p3,1465.0838]	[7,1,5,p4,1524.0871]	[7,1,5,p5,1508.0863]	[7,1,5,ErrRand,1470.0841]	
	10	स्त्री	[7,2,5,0,2240.1281]	[7,2,5,p1,2206.1262]	[7,2,5,3,2279.1304]	[7,2,5,4,2076.1187]	[7,2,5,5,2110.1207]	[7,2,5,p2,2064.1181]	[7,2,5,p3,2456.1405]	[7,2,5,p4,2206.1262]	[7,2,5,p5,2122.1214]	[7,2,5,ErrRand,2149.1229]	
	11	धनिया	[7,2,6,0,1964.1123]	[7,3,1,p1,2077.1188]	[7,3,1,2,2030.1161]	[7,2,6,3,1739.0994]	[7,2,6,4,1606.0919]	[7,2,6,5,1677.0959]	[7,2,6,p2,1637.0937]	[7,2,6,p3,1641.0939]	[7,2,6,p4,1770.1012]	[7,2,6,p5,1709.0977]	[7,2,6,ErrRand,1679.0961]	
	12	से	[7,2,1,0,2326.133]	[7,2,1,p1,2263.1295]	[7,2,1,3,2089.1195]	[7,2,1,4,2059.1178]	[7,2,1,5,2088.1194]	[7,2,1,p2,2091.1196]	[7,2,1,p3,2079.1189]	[7,2,1,p4,2170.1242]	[7,2,1,p5,2135.1221]	
	13	कहा	[7,1,3,0,1565.0895]	[7,1,3,p1,1506.0862]	[7,1,3,3,1484.0849]	[7,1,3,4,1452.083]	[7,1,3,5,1460.0835]	[7,1,3,p2,1515.0867]	[7,1,3,p3,1477.0844]	[7,1,3,p4,1564.0895]	[7,1,3,p5,1885.1079]	[7,2,1,ErrRand,2508.1435]	
	14	गोबर	[7,3,1,0,2029.116]	[7,3,1,p1,2099.12]	[7,3,2,2,1972.1128]	[7,4,2,3,2231.1276]	[7,3,1,4,1941.111]	[7,3,1,5,1971.1127]	[7,3,1,p2,1915.1096]	[7,3,1,p3,2069.1184]	[7,3,1,p4,1966.1124]	[7,3,1,p5,2193.1254]	[7,3,1,ErrRand,2005.1147]	
	15	ऊख	[7,1,1,0,1460.0835]	[7,1,1,2,1324.0758]	[7,1,1,3,1300.0744]	[7,1,1,4,1308.0748]	[7,1,1,5,1266.0724]	[7,1,1,p2,1285.0735]	[7,1,1,p3,1508.0863]	[7,1,1,p4,1301.0744]	[7,1,1,p5,1323.0757]	[7,1,1,ErrRand,1352.0774]	
	16	गोड़ने	[7,1,2,0,1515.0867]	[7,1,2,p1,1458.0834]	[7,1,2,2,1399.08]	[7,1,2,3,1354.0774]	[7,1,2,4,1337.0765]	[7,1,2,5,1368.0783]	[7,1,2,p2,1395.0798]	[7,1,2,p3,1846.1056]	[7,1,2,p4,1408.0806]	[7,1,2,p5,1390.0795]	[7,1,2,ErrRand,1458.0834]	
	17	भेज	[7,2,6,0,1945.1112]	[7,2,6,3,1839.1052]	[7,2,6,4,1833.1048]	[7,2,6,5,1951.1116]	[7,2,6,p2,1847.1057]	[7,2,6,p3,2004.1146]	[7,2,6,p4,1906.1091]	[7,2,6,p5,1911.1093]	[7,2,6,ErrRand,1887.1079]	
	18	देना	[7,3,1,0,2107.1205]	[7,2,7,p1,1721.0984]	[7,3,5,2,1976.1131]	[7,4,2,3,2863.1637]	[7,3,1,4,1939.1109]	[7,3,1,5,2150.123]	[7,3,1,p2,1998.1143]	[7,3,1,p3,1996.1142]	[7,3,1,p4,2016.1153]	[7,3,1,p5,1980.1133]	[7,3,1,ErrRand,1959.112]	

End Data