
New Data
Sno:	Word:	Rank(Size,Key,Rank,errorAt):
	1	होरीराम	[7,1,3,0,22438.28]	
	2	ने	[7,1,3,0,42340.4217]	
	3	दोनों	[7,1,6,0,50199.8712]	
	4	बैलों	[7,3,2,0,1923.11]	
	5	को	[7,0,1,0,959.0549]	[7,0,7,0,959.0549]	
	6	सानी	[7,4,1,0,2694.1541]	
	7	पानी	[7,2,5,0,1712.098]	
	8	देकर	[7,3,1,0,1653.0946]	
	9	अपनी	[7,1,5,0,1275.0729]	
	10	स्त्री	[7,2,5,0,1813.1037]	
	11	धनिया	[7,2,6,0,1419.0812]	
	12	से	[7,2,1,0,1823.1043]	
	13	कहा	[7,1,3,0,1290.0738]	
	14	गोबर	[7,3,1,0,1642.0939]	
	15	ऊख	[7,1,1,0,1142.0653]	
	16	गोड़ने	[7,1,2,0,1171.067]	
	17	भेज	[7,2,6,0,1591.091]	
	18	देना	[7,3,1,0,1627.093]	

End Data