
New Data
Sno:	Word:	Rank(Size,Key,Rank,errorAt):
	1	होरीराम	[1,2,1,0,1332.08]	
	2	ने	[1,2,1,0,1251.0715]	
	3	दोनों	[1,3,1,0,1423.0814]	
	4	बैलों	[1,4,1,0,1947.1114]	
	5	को	[1,0,1,0,934.0534]	[1,2,1,0,1545.0884]	
	6	सानी	[1,4,1,0,2453.1403]	
	7	पानी	[1,3,1,0,1905.1089]	
	8	देकर	[1,3,1,0,1451.083]	
	9	अपनी	[1,4,1,0,2004.1146]	
	10	स्त्री	[1,3,1,0,2071.1184]	
	11	धनिया	[1,3,1,0,1445.0826]	
	12	से	[1,2,1,0,1762.1008]	
	13	कहा	[1,2,1,0,1571.0899]	
	14	गोबर	[1,3,1,0,1472.0842]	
	15	ऊख	[1,1,1,0,1110.0635]	
	16	गोड़ने	[1,2,1,0,1318.0754]	
	17	देना	[1,3,1,0,1440.0824]	
	18	मैं	[1,2,1,0,1467.08]	
	19	जाने	[1,2,1,0,1299.0743]	
	20	कब	[1,2,1,0,1571.0899]	
	21	लौटूं	[1,4,1,0,1466.0838]	

End Data
New Data
Sno:	Word:	Rank(Size,Key,Rank,errorAt):
	1	होरीराम	[1,2,1,0,1332.08]	[1,2,1,p1,1332.08]	
	2	ने	[1,2,1,0,1251.0715]	[1,2,1,p1,1262.0722]	
	3	दोनों	[1,3,1,0,1423.0814]	[1,3,1,p1,1483.0848]	
	4	बैलों	[1,4,1,0,1947.1114]	[1,4,1,p1,1999.1143]	
	5	को	[1,0,1,0,934.0534]	[1,2,1,0,1545.0884]	[1,0,1,p1,938.0537]	[1,2,1,p1,1548.0885]	
	6	सानी	[1,4,1,0,2453.1403]	[1,4,1,p1,2460.1407]	
	7	पानी	[1,3,1,0,1905.1089]	[1,3,1,p1,1928.1103]	
	8	देकर	[1,3,1,0,1451.083]	[1,3,1,p1,1907.109]	
	9	अपनी	[1,4,1,0,2004.1146]	[1,4,1,p1,1992.1139]	
	10	स्त्री	[1,3,1,0,2071.1184]	[1,3,1,p1,2090.1196]	
	11	धनिया	[1,3,1,0,1445.0826]	[1,3,1,p1,1441.0824]	
	12	से	[1,2,1,0,1762.1008]	[1,2,1,p1,1694.0969]	
	13	कहा	[1,2,1,0,1571.0899]	[1,2,1,p1,1561.0893]	
	14	गोबर	[1,3,1,0,1472.0842]	[1,3,1,p1,1438.0822]	
	15	ऊख	[1,1,1,0,1110.0635]	
	16	गोड़ने	[1,2,1,0,1318.0754]	[1,2,1,p1,1284.0734]	
	17	देना	[1,3,1,0,1440.0824]	[1,3,1,p1,1441.0824]	
	18	मैं	[1,2,1,0,1467.08]	[1,2,1,p1,1456.08]	
	19	जाने	[1,2,1,0,1299.0743]	[1,2,1,p1,1252.0716]	
	20	कब	[1,2,1,0,1571.0899]	[1,2,1,p1,1549.0886]	
	21	लौटूं	[1,4,1,0,1466.0838]	[1,4,1,p1,1455.0832]	

End Data
New Data
Sno:	Word:	Rank(Size,Key,Rank,errorAt):
	1	होरीराम	[1,2,1,0,1332.08]	[1,2,1,p1,1332.08]	[1,5,1,2,1687.10]	
	2	ने	[1,2,1,0,1251.0715]	[1,2,1,p1,1262.0722]	
	3	दोनों	[1,3,1,0,1423.0814]	[1,3,1,p1,1483.0848]	
	4	बैलों	[1,4,1,0,1947.1114]	[1,4,1,p1,1999.1143]	
	5	को	[1,0,1,0,934.0534]	[1,2,1,0,1545.0884]	[1,0,1,p1,938.0537]	[1,2,1,p1,1548.0885]	
	6	सानी	[1,4,1,0,2453.1403]	[1,4,1,p1,2460.1407]	
	7	पानी	[1,3,1,0,1905.1089]	[1,3,1,p1,1928.1103]	[1,3,1,2,1915.1095]	
	8	देकर	[1,3,1,0,1451.083]	[1,3,1,p1,1907.109]	[1,3,1,2,1439.0823]	
	9	अपनी	[1,4,1,0,2004.1146]	[1,4,1,p1,1992.1139]	
	10	स्त्री	[1,3,1,0,2071.1184]	[1,3,1,p1,2090.1196]	[1,4,1,2,2486.1422]	
	11	धनिया	[1,3,1,0,1445.0826]	[1,3,1,p1,1441.0824]	[1,3,1,2,1458.0834]	
	12	से	[1,2,1,0,1762.1008]	[1,2,1,p1,1694.0969]	
	13	कहा	[1,2,1,0,1571.0899]	[1,2,1,p1,1561.0893]	
	14	गोबर	[1,3,1,0,1472.0842]	[1,3,1,p1,1438.0822]	[1,4,1,2,1596.0913]	
	15	ऊख	[1,1,1,0,1110.0635]	[1,1,1,2,1056.0604]	
	16	गोड़ने	[1,2,1,0,1318.0754]	[1,2,1,p1,1284.0734]	[1,3,1,2,1426.0816]	
	17	देना	[1,3,1,0,1440.0824]	[1,3,1,p1,1441.0824]	[1,4,1,2,1586.0908]	
	18	मैं	[1,2,1,0,1467.08]	[1,2,1,p1,1456.08]	
	19	जाने	[1,2,1,0,1299.0743]	[1,2,1,p1,1252.0716]	[1,4,1,2,1588.0908]	
	20	कब	[1,2,1,0,1571.0899]	[1,2,1,p1,1549.0886]	
	21	लौटूं	[1,4,1,0,1466.0838]	[1,4,1,p1,1455.0832]	[1,3,1,2,1352.0774]	

End Data
New Data
Sno:	Word:	Rank(Size,Key,Rank,errorAt):
	1	होरीराम	[1,2,1,0,1332.08]	[1,2,1,p1,1332.08]	[1,5,1,2,1687.10]	[1,2,1,3,1298.07]	
	2	ने	[1,2,1,0,1251.0715]	[1,2,1,p1,1262.0722]	[1,2,1,3,1279.0732]	
	3	दोनों	[1,3,1,0,1423.0814]	[1,3,1,p1,1483.0848]	[1,4,1,3,1609.0921]	
	4	बैलों	[1,4,1,0,1947.1114]	[1,4,1,p1,1999.1143]	
	5	को	[1,0,1,0,934.0534]	[1,2,1,0,1545.0884]	[1,0,1,p1,938.0537]	[1,2,1,p1,1548.0885]	[1,2,1,3,1531.0876]	[1,2,1,3,1550.0887]	
	6	सानी	[1,4,1,0,2453.1403]	[1,4,1,p1,2460.1407]	
	7	पानी	[1,3,1,0,1905.1089]	[1,3,1,p1,1928.1103]	[1,3,1,2,1915.1095]	[1,4,1,3,2683.1535]	
	8	देकर	[1,3,1,0,1451.083]	[1,3,1,p1,1907.109]	[1,3,1,2,1439.0823]	
	9	अपनी	[1,4,1,0,2004.1146]	[1,4,1,p1,1992.1139]	[1,4,1,3,2009.1149]	
	10	स्त्री	[1,3,1,0,2071.1184]	[1,3,1,p1,2090.1196]	[1,4,1,2,2486.1422]	
	11	धनिया	[1,3,1,0,1445.0826]	[1,3,1,p1,1441.0824]	[1,3,1,2,1458.0834]	[1,4,1,3,1608.092]	
	12	से	[1,2,1,0,1762.1008]	[1,2,1,p1,1694.0969]	[1,2,1,3,1686.0964]	
	13	कहा	[1,2,1,0,1571.0899]	[1,2,1,p1,1561.0893]	[1,2,1,3,1540.0881]	
	14	गोबर	[1,3,1,0,1472.0842]	[1,3,1,p1,1438.0822]	[1,4,1,2,1596.0913]	
	15	ऊख	[1,1,1,0,1110.0635]	[1,1,1,2,1056.0604]	[1,1,1,3,1075.0615]	
	16	गोड़ने	[1,2,1,0,1318.0754]	[1,2,1,p1,1284.0734]	[1,3,1,2,1426.0816]	[1,2,1,3,1287.0736]	
	17	देना	[1,3,1,0,1440.0824]	[1,3,1,p1,1441.0824]	[1,4,1,2,1586.0908]	
	18	मैं	[1,2,1,0,1467.08]	[1,2,1,p1,1456.08]	[1,2,1,3,1472.08]	
	19	जाने	[1,2,1,0,1299.0743]	[1,2,1,p1,1252.0716]	[1,4,1,2,1588.0908]	[1,2,1,3,1279.0731]	
	20	कब	[1,2,1,0,1571.0899]	[1,2,1,p1,1549.0886]	[1,2,1,3,1532.0877]	
	21	लौटूं	[1,4,1,0,1466.0838]	[1,4,1,p1,1455.0832]	[1,3,1,2,1352.0774]	[1,4,1,3,1476.0844]	

End Data
New Data
Sno:	Word:	Rank(Size,Key,Rank,errorAt):
	1	होरीराम	[1,2,1,0,1332.08]	[1,2,1,p1,1332.08]	[1,5,1,2,1687.10]	[1,2,1,3,1298.07]	[1,2,1,4,1265.07]	
	2	ने	[1,2,1,0,1251.0715]	[1,2,1,p1,1262.0722]	[1,2,1,3,1279.0732]	[1,2,1,4,1282.0733]	
	3	दोनों	[1,3,1,0,1423.0814]	[1,3,1,p1,1483.0848]	[1,4,1,3,1609.0921]	[1,3,1,4,1438.0823]	
	4	बैलों	[1,4,1,0,1947.1114]	[1,4,1,p1,1999.1143]	[1,4,1,4,1944.1112]	
	5	को	[1,0,1,0,934.0534]	[1,2,1,0,1545.0884]	[1,0,1,p1,938.0537]	[1,2,1,p1,1548.0885]	[1,2,1,3,1531.0876]	[1,2,1,3,1550.0887]	[1,0,1,4,945.054]	[1,2,1,4,1537.0879]	
	6	सानी	[1,4,1,0,2453.1403]	[1,4,1,p1,2460.1407]	
	7	पानी	[1,3,1,0,1905.1089]	[1,3,1,p1,1928.1103]	[1,3,1,2,1915.1095]	[1,4,1,3,2683.1535]	[1,3,1,4,1920.1098]	
	8	देकर	[1,3,1,0,1451.083]	[1,3,1,p1,1907.109]	[1,3,1,2,1439.0823]	[1,3,1,4,1441.0825]	
	9	अपनी	[1,4,1,0,2004.1146]	[1,4,1,p1,1992.1139]	[1,4,1,3,2009.1149]	
	10	स्त्री	[1,3,1,0,2071.1184]	[1,3,1,p1,2090.1196]	[1,4,1,2,2486.1422]	
	11	धनिया	[1,3,1,0,1445.0826]	[1,3,1,p1,1441.0824]	[1,3,1,2,1458.0834]	[1,4,1,3,1608.092]	[1,3,1,4,1444.0826]	
	12	से	[1,2,1,0,1762.1008]	[1,2,1,p1,1694.0969]	[1,2,1,3,1686.0964]	[1,2,1,4,1700.0972]	
	13	कहा	[1,2,1,0,1571.0899]	[1,2,1,p1,1561.0893]	[1,2,1,3,1540.0881]	[1,2,1,4,1538.088]	
	14	गोबर	[1,3,1,0,1472.0842]	[1,3,1,p1,1438.0822]	[1,4,1,2,1596.0913]	[1,3,1,4,1427.0816]	
	15	ऊख	[1,1,1,0,1110.0635]	[1,1,1,2,1056.0604]	[1,1,1,3,1075.0615]	[1,1,1,4,1060.0606]	
	16	गोड़ने	[1,2,1,0,1318.0754]	[1,2,1,p1,1284.0734]	[1,3,1,2,1426.0816]	[1,2,1,3,1287.0736]	[1,2,1,4,1290.0738]	
	17	देना	[1,3,1,0,1440.0824]	[1,3,1,p1,1441.0824]	[1,4,1,2,1586.0908]	[1,3,1,4,1461.0835]	
	18	मैं	[1,2,1,0,1467.08]	[1,2,1,p1,1456.08]	[1,2,1,3,1472.08]	[1,2,1,4,1470.08]	
	19	जाने	[1,2,1,0,1299.0743]	[1,2,1,p1,1252.0716]	[1,4,1,2,1588.0908]	[1,2,1,3,1279.0731]	[1,2,1,4,1292.0739]	
	20	कब	[1,2,1,0,1571.0899]	[1,2,1,p1,1549.0886]	[1,2,1,3,1532.0877]	[1,2,1,4,1548.0886]	
	21	लौटूं	[1,4,1,0,1466.0838]	[1,4,1,p1,1455.0832]	[1,3,1,2,1352.0774]	[1,4,1,3,1476.0844]	[1,4,1,4,1489.0852]	

End Data
New Data
Sno:	Word:	Rank(Size,Key,Rank,errorAt):
	1	होरीराम	[1,2,1,0,1332.08]	[1,2,1,p1,1332.08]	[1,5,1,2,1687.10]	[1,2,1,3,1298.07]	[1,2,1,4,1265.07]	[1,2,1,5,1273.07]	
	2	ने	[1,2,1,0,1251.0715]	[1,2,1,p1,1262.0722]	[1,2,1,3,1279.0732]	[1,2,1,4,1282.0733]	[1,2,1,5,1264.0723]	
	3	दोनों	[1,3,1,0,1423.0814]	[1,3,1,p1,1483.0848]	[1,4,1,3,1609.0921]	[1,3,1,4,1438.0823]	[1,3,1,5,1446.0827]	
	4	बैलों	[1,4,1,0,1947.1114]	[1,4,1,p1,1999.1143]	[1,4,1,4,1944.1112]	[1,4,1,5,1966.1124]	
	5	को	[1,0,1,0,934.0534]	[1,2,1,0,1545.0884]	[1,0,1,p1,938.0537]	[1,2,1,p1,1548.0885]	[1,2,1,3,1531.0876]	[1,2,1,3,1550.0887]	[1,0,1,4,945.054]	[1,2,1,4,1537.0879]	[1,0,1,5,958.0548]	[1,2,1,5,1581.0904]	
	6	सानी	[1,4,1,0,2453.1403]	[1,4,1,p1,2460.1407]	[1,4,1,5,2480.1419]	
	7	पानी	[1,3,1,0,1905.1089]	[1,3,1,p1,1928.1103]	[1,3,1,2,1915.1095]	[1,4,1,3,2683.1535]	[1,3,1,4,1920.1098]	[1,3,1,5,1920.1098]	
	8	देकर	[1,3,1,0,1451.083]	[1,3,1,p1,1907.109]	[1,3,1,2,1439.0823]	[1,3,1,4,1441.0825]	[1,3,1,5,1452.0831]	
	9	अपनी	[1,4,1,0,2004.1146]	[1,4,1,p1,1992.1139]	[1,4,1,3,2009.1149]	[1,4,1,5,2064.118]	
	10	स्त्री	[1,3,1,0,2071.1184]	[1,3,1,p1,2090.1196]	[1,4,1,2,2486.1422]	[1,3,1,5,2759.1578]	
	11	धनिया	[1,3,1,0,1445.0826]	[1,3,1,p1,1441.0824]	[1,3,1,2,1458.0834]	[1,4,1,3,1608.092]	[1,3,1,4,1444.0826]	[1,3,1,5,1513.0865]	
	12	से	[1,2,1,0,1762.1008]	[1,2,1,p1,1694.0969]	[1,2,1,3,1686.0964]	[1,2,1,4,1700.0972]	[1,2,1,5,1765.101]	
	13	कहा	[1,2,1,0,1571.0899]	[1,2,1,p1,1561.0893]	[1,2,1,3,1540.0881]	[1,2,1,4,1538.088]	[1,2,1,5,1592.0911]	
	14	गोबर	[1,3,1,0,1472.0842]	[1,3,1,p1,1438.0822]	[1,4,1,2,1596.0913]	[1,3,1,4,1427.0816]	[1,3,1,5,1477.0845]	
	15	ऊख	[1,1,1,0,1110.0635]	[1,1,1,2,1056.0604]	[1,1,1,3,1075.0615]	[1,1,1,4,1060.0606]	[1,1,1,5,1097.0627]	
	16	गोड़ने	[1,2,1,0,1318.0754]	[1,2,1,p1,1284.0734]	[1,3,1,2,1426.0816]	[1,2,1,3,1287.0736]	[1,2,1,4,1290.0738]	[1,2,1,5,1319.0755]	
	17	देना	[1,3,1,0,1440.0824]	[1,3,1,p1,1441.0824]	[1,4,1,2,1586.0908]	[1,3,1,4,1461.0835]	[1,3,1,5,1499.0857]	
	18	मैं	[1,2,1,0,1467.08]	[1,2,1,p1,1456.08]	[1,2,1,3,1472.08]	[1,2,1,4,1470.08]	[1,2,1,5,1472.08]	
	19	जाने	[1,2,1,0,1299.0743]	[1,2,1,p1,1252.0716]	[1,4,1,2,1588.0908]	[1,2,1,3,1279.0731]	[1,2,1,4,1292.0739]	[1,2,1,5,1273.0729]	
	20	कब	[1,2,1,0,1571.0899]	[1,2,1,p1,1549.0886]	[1,2,1,3,1532.0877]	[1,2,1,4,1548.0886]	[1,2,1,5,1545.0883]	
	21	लौटूं	[1,4,1,0,1466.0838]	[1,4,1,p1,1455.0832]	[1,3,1,2,1352.0774]	[1,4,1,3,1476.0844]	[1,4,1,4,1489.0852]	[1,4,1,5,1492.0854]	

End Data
New Data
Sno:	Word:	Rank(Size,Key,Rank,errorAt):
	1	होरीराम	[1,2,1,0,1332.08]	[1,2,1,p1,1332.08]	[1,5,1,2,1687.10]	[1,2,1,3,1298.07]	[1,2,1,4,1265.07]	[1,2,1,5,1273.07]	[1,2,1,p2,1271.07]	
	2	ने	[1,2,1,0,1251.0715]	[1,2,1,p1,1262.0722]	[1,2,1,3,1279.0732]	[1,2,1,4,1282.0733]	[1,2,1,5,1264.0723]	[1,2,1,p2,1274.0729]	
	3	दोनों	[1,3,1,0,1423.0814]	[1,3,1,p1,1483.0848]	[1,4,1,3,1609.0921]	[1,3,1,4,1438.0823]	[1,3,1,5,1446.0827]	[1,3,1,p2,1431.0819]	
	4	बैलों	[1,4,1,0,1947.1114]	[1,4,1,p1,1999.1143]	[1,4,1,4,1944.1112]	[1,4,1,5,1966.1124]	
	5	को	[1,0,1,0,934.0534]	[1,2,1,0,1545.0884]	[1,0,1,p1,938.0537]	[1,2,1,p1,1548.0885]	[1,2,1,3,1531.0876]	[1,2,1,3,1550.0887]	[1,0,1,4,945.054]	[1,2,1,4,1537.0879]	[1,0,1,5,958.0548]	[1,2,1,5,1581.0904]	[1,0,1,p2,945.054]	[1,2,1,p2,1544.0883]	
	6	सानी	[1,4,1,0,2453.1403]	[1,4,1,p1,2460.1407]	[1,4,1,5,2480.1419]	[1,4,1,p2,2802.1603]	
	7	पानी	[1,3,1,0,1905.1089]	[1,3,1,p1,1928.1103]	[1,3,1,2,1915.1095]	[1,4,1,3,2683.1535]	[1,3,1,4,1920.1098]	[1,3,1,5,1920.1098]	[1,3,1,p2,1918.1097]	
	8	देकर	[1,3,1,0,1451.083]	[1,3,1,p1,1907.109]	[1,3,1,2,1439.0823]	[1,3,1,4,1441.0825]	[1,3,1,5,1452.0831]	[1,3,1,p2,1473.0842]	
	9	अपनी	[1,4,1,0,2004.1146]	[1,4,1,p1,1992.1139]	[1,4,1,3,2009.1149]	[1,4,1,5,2064.118]	[1,4,1,p2,2032.1163]	
	10	स्त्री	[1,3,1,0,2071.1184]	[1,3,1,p1,2090.1196]	[1,4,1,2,2486.1422]	[1,3,1,5,2759.1578]	[1,3,1,p2,2104.1204]	
	11	धनिया	[1,3,1,0,1445.0826]	[1,3,1,p1,1441.0824]	[1,3,1,2,1458.0834]	[1,4,1,3,1608.092]	[1,3,1,4,1444.0826]	[1,3,1,5,1513.0865]	[1,3,1,p2,1431.0818]	
	12	से	[1,2,1,0,1762.1008]	[1,2,1,p1,1694.0969]	[1,2,1,3,1686.0964]	[1,2,1,4,1700.0972]	[1,2,1,5,1765.101]	[1,2,1,p2,1689.0966]	
	13	कहा	[1,2,1,0,1571.0899]	[1,2,1,p1,1561.0893]	[1,2,1,3,1540.0881]	[1,2,1,4,1538.088]	[1,2,1,5,1592.0911]	[1,2,1,p2,1534.0877]	
	14	गोबर	[1,3,1,0,1472.0842]	[1,3,1,p1,1438.0822]	[1,4,1,2,1596.0913]	[1,3,1,4,1427.0816]	[1,3,1,5,1477.0845]	[1,3,1,p2,1439.0823]	
	15	ऊख	[1,1,1,0,1110.0635]	[1,1,1,2,1056.0604]	[1,1,1,3,1075.0615]	[1,1,1,4,1060.0606]	[1,1,1,5,1097.0627]	[1,1,1,p2,1077.0617]	
	16	गोड़ने	[1,2,1,0,1318.0754]	[1,2,1,p1,1284.0734]	[1,3,1,2,1426.0816]	[1,2,1,3,1287.0736]	[1,2,1,4,1290.0738]	[1,2,1,5,1319.0755]	[1,2,1,p2,1297.0741]	
	17	देना	[1,3,1,0,1440.0824]	[1,3,1,p1,1441.0824]	[1,4,1,2,1586.0908]	[1,3,1,4,1461.0835]	[1,3,1,5,1499.0857]	[1,3,1,p2,1455.0832]	
	18	मैं	[1,2,1,0,1467.08]	[1,2,1,p1,1456.08]	[1,2,1,3,1472.08]	[1,2,1,4,1470.08]	[1,2,1,5,1472.08]	
	19	जाने	[1,2,1,0,1299.0743]	[1,2,1,p1,1252.0716]	[1,4,1,2,1588.0908]	[1,2,1,3,1279.0731]	[1,2,1,4,1292.0739]	[1,2,1,5,1273.0729]	[1,4,1,p2,1619.0926]	
	20	कब	[1,2,1,0,1571.0899]	[1,2,1,p1,1549.0886]	[1,2,1,3,1532.0877]	[1,2,1,4,1548.0886]	[1,2,1,5,1545.0883]	[1,2,1,p2,1582.0905]	
	21	लौटूं	[1,4,1,0,1466.0838]	[1,4,1,p1,1455.0832]	[1,3,1,2,1352.0774]	[1,4,1,3,1476.0844]	[1,4,1,4,1489.0852]	[1,4,1,5,1492.0854]	[1,4,1,p2,1516.0867]	

End Data
New Data
Sno:	Word:	Rank(Size,Key,Rank,errorAt):
	1	होरीराम	[1,2,1,0,1332.08]	[1,2,1,p1,1332.08]	[1,5,1,2,1687.10]	[1,2,1,3,1298.07]	[1,2,1,4,1265.07]	[1,2,1,5,1273.07]	[1,2,1,p2,1271.07]	[1,2,1,p3,1559.09]	
	2	ने	[1,2,1,0,1251.0715]	[1,2,1,p1,1262.0722]	[1,2,1,3,1279.0732]	[1,2,1,4,1282.0733]	[1,2,1,5,1264.0723]	[1,2,1,p2,1274.0729]	[1,2,1,p3,1503.086]	
	3	दोनों	[1,3,1,0,1423.0814]	[1,3,1,p1,1483.0848]	[1,4,1,3,1609.0921]	[1,3,1,4,1438.0823]	[1,3,1,5,1446.0827]	[1,3,1,p2,1431.0819]	[1,3,1,p3,1529.0874]	
	4	बैलों	[1,4,1,0,1947.1114]	[1,4,1,p1,1999.1143]	[1,4,1,4,1944.1112]	[1,4,1,5,1966.1124]	[1,4,1,p3,1951.1116]	
	5	को	[1,0,1,0,934.0534]	[1,2,1,0,1545.0884]	[1,0,1,p1,938.0537]	[1,2,1,p1,1548.0885]	[1,2,1,3,1531.0876]	[1,2,1,3,1550.0887]	[1,0,1,4,945.054]	[1,2,1,4,1537.0879]	[1,0,1,5,958.0548]	[1,2,1,5,1581.0904]	[1,0,1,p2,945.054]	[1,2,1,p2,1544.0883]	[1,0,1,p3,942.0539]	[1,2,1,p3,1522.087]	
	6	सानी	[1,4,1,0,2453.1403]	[1,4,1,p1,2460.1407]	[1,4,1,5,2480.1419]	[1,4,1,p2,2802.1603]	[1,4,1,p3,2615.1495]	
	7	पानी	[1,3,1,0,1905.1089]	[1,3,1,p1,1928.1103]	[1,3,1,2,1915.1095]	[1,4,1,3,2683.1535]	[1,3,1,4,1920.1098]	[1,3,1,5,1920.1098]	[1,3,1,p2,1918.1097]	[1,3,1,p3,1938.1109]	
	8	देकर	[1,3,1,0,1451.083]	[1,3,1,p1,1907.109]	[1,3,1,2,1439.0823]	[1,3,1,4,1441.0825]	[1,3,1,5,1452.0831]	[1,3,1,p2,1473.0842]	[1,3,1,p3,1416.081]	
	9	अपनी	[1,4,1,0,2004.1146]	[1,4,1,p1,1992.1139]	[1,4,1,3,2009.1149]	[1,4,1,5,2064.118]	[1,4,1,p2,2032.1163]	[1,4,1,p3,1994.1141]	
	10	स्त्री	[1,3,1,0,2071.1184]	[1,3,1,p1,2090.1196]	[1,4,1,2,2486.1422]	[1,3,1,5,2759.1578]	[1,3,1,p2,2104.1204]	[1,3,1,p3,2025.1158]	
	11	धनिया	[1,3,1,0,1445.0826]	[1,3,1,p1,1441.0824]	[1,3,1,2,1458.0834]	[1,4,1,3,1608.092]	[1,3,1,4,1444.0826]	[1,3,1,5,1513.0865]	[1,3,1,p2,1431.0818]	[1,4,1,p3,1592.091]	
	12	से	[1,2,1,0,1762.1008]	[1,2,1,p1,1694.0969]	[1,2,1,3,1686.0964]	[1,2,1,4,1700.0972]	[1,2,1,5,1765.101]	[1,2,1,p2,1689.0966]	[1,2,1,p3,1637.0937]	
	13	कहा	[1,2,1,0,1571.0899]	[1,2,1,p1,1561.0893]	[1,2,1,3,1540.0881]	[1,2,1,4,1538.088]	[1,2,1,5,1592.0911]	[1,2,1,p2,1534.0877]	[1,2,1,p3,1506.0861]	
	14	गोबर	[1,3,1,0,1472.0842]	[1,3,1,p1,1438.0822]	[1,4,1,2,1596.0913]	[1,3,1,4,1427.0816]	[1,3,1,5,1477.0845]	[1,3,1,p2,1439.0823]	[1,3,1,p3,1393.0797]	
	15	ऊख	[1,1,1,0,1110.0635]	[1,1,1,2,1056.0604]	[1,1,1,3,1075.0615]	[1,1,1,4,1060.0606]	[1,1,1,5,1097.0627]	[1,1,1,p2,1077.0617]	[1,1,1,p3,1088.0623]	
	16	गोड़ने	[1,2,1,0,1318.0754]	[1,2,1,p1,1284.0734]	[1,3,1,2,1426.0816]	[1,2,1,3,1287.0736]	[1,2,1,4,1290.0738]	[1,2,1,5,1319.0755]	[1,2,1,p2,1297.0741]	[1,2,1,p3,1297.0741]	
	17	देना	[1,3,1,0,1440.0824]	[1,3,1,p1,1441.0824]	[1,4,1,2,1586.0908]	[1,3,1,4,1461.0835]	[1,3,1,5,1499.0857]	[1,3,1,p2,1455.0832]	[1,3,1,p3,1471.0841]	
	18	मैं	[1,2,1,0,1467.08]	[1,2,1,p1,1456.08]	[1,2,1,3,1472.08]	[1,2,1,4,1470.08]	[1,2,1,5,1472.08]	[1,2,1,p3,1476.08]	
	19	जाने	[1,2,1,0,1299.0743]	[1,2,1,p1,1252.0716]	[1,4,1,2,1588.0908]	[1,2,1,3,1279.0731]	[1,2,1,4,1292.0739]	[1,2,1,5,1273.0729]	[1,4,1,p2,1619.0926]	[1,2,1,p3,1259.072]	
	20	कब	[1,2,1,0,1571.0899]	[1,2,1,p1,1549.0886]	[1,2,1,3,1532.0877]	[1,2,1,4,1548.0886]	[1,2,1,5,1545.0883]	[1,2,1,p2,1582.0905]	[1,2,1,p3,1520.0869]	
	21	लौटूं	[1,4,1,0,1466.0838]	[1,4,1,p1,1455.0832]	[1,3,1,2,1352.0774]	[1,4,1,3,1476.0844]	[1,4,1,4,1489.0852]	[1,4,1,5,1492.0854]	[1,4,1,p2,1516.0867]	[1,4,1,p3,1470.0841]	

End Data
New Data
Sno:	Word:	Rank(Size,Key,Rank,errorAt):
	1	होरीराम	[1,2,1,0,1332.08]	[1,2,1,p1,1332.08]	[1,5,1,2,1687.10]	[1,2,1,3,1298.07]	[1,2,1,4,1265.07]	[1,2,1,5,1273.07]	[1,2,1,p2,1271.07]	[1,2,1,p3,1559.09]	[1,2,1,p4,1292.07]	
	2	ने	[1,2,1,0,1251.0715]	[1,2,1,p1,1262.0722]	[1,2,1,3,1279.0732]	[1,2,1,4,1282.0733]	[1,2,1,5,1264.0723]	[1,2,1,p2,1274.0729]	[1,2,1,p3,1503.086]	[1,2,1,p4,1245.0712]	
	3	दोनों	[1,3,1,0,1423.0814]	[1,3,1,p1,1483.0848]	[1,4,1,3,1609.0921]	[1,3,1,4,1438.0823]	[1,3,1,5,1446.0827]	[1,3,1,p2,1431.0819]	[1,3,1,p3,1529.0874]	[1,3,1,p4,1433.0819]	
	4	बैलों	[1,4,1,0,1947.1114]	[1,4,1,p1,1999.1143]	[1,4,1,4,1944.1112]	[1,4,1,5,1966.1124]	[1,4,1,p3,1951.1116]	[1,4,1,p4,2288.1309]	
	5	को	[1,0,1,0,934.0534]	[1,2,1,0,1545.0884]	[1,0,1,p1,938.0537]	[1,2,1,p1,1548.0885]	[1,2,1,3,1531.0876]	[1,2,1,3,1550.0887]	[1,0,1,4,945.054]	[1,2,1,4,1537.0879]	[1,0,1,5,958.0548]	[1,2,1,5,1581.0904]	[1,0,1,p2,945.054]	[1,2,1,p2,1544.0883]	[1,0,1,p3,942.0539]	[1,2,1,p3,1522.087]	[1,0,1,p4,934.0535]	[1,2,1,p4,1536.0879]	
	6	सानी	[1,4,1,0,2453.1403]	[1,4,1,p1,2460.1407]	[1,4,1,5,2480.1419]	[1,4,1,p2,2802.1603]	[1,4,1,p3,2615.1495]	[1,4,1,p4,2494.1426]	
	7	पानी	[1,3,1,0,1905.1089]	[1,3,1,p1,1928.1103]	[1,3,1,2,1915.1095]	[1,4,1,3,2683.1535]	[1,3,1,4,1920.1098]	[1,3,1,5,1920.1098]	[1,3,1,p2,1918.1097]	[1,3,1,p3,1938.1109]	[1,3,1,p4,1895.1084]	
	8	देकर	[1,3,1,0,1451.083]	[1,3,1,p1,1907.109]	[1,3,1,2,1439.0823]	[1,3,1,4,1441.0825]	[1,3,1,5,1452.0831]	[1,3,1,p2,1473.0842]	[1,3,1,p3,1416.081]	[1,3,1,p4,1418.0811]	
	9	अपनी	[1,4,1,0,2004.1146]	[1,4,1,p1,1992.1139]	[1,4,1,3,2009.1149]	[1,4,1,5,2064.118]	[1,4,1,p2,2032.1163]	[1,4,1,p3,1994.1141]	[1,4,1,p4,1997.1143]	
	10	स्त्री	[1,3,1,0,2071.1184]	[1,3,1,p1,2090.1196]	[1,4,1,2,2486.1422]	[1,3,1,5,2759.1578]	[1,3,1,p2,2104.1204]	[1,3,1,p3,2025.1158]	[1,3,1,p4,2057.1176]	
	11	धनिया	[1,3,1,0,1445.0826]	[1,3,1,p1,1441.0824]	[1,3,1,2,1458.0834]	[1,4,1,3,1608.092]	[1,3,1,4,1444.0826]	[1,3,1,5,1513.0865]	[1,3,1,p2,1431.0818]	[1,4,1,p3,1592.091]	[1,3,1,p4,1434.082]	
	12	से	[1,2,1,0,1762.1008]	[1,2,1,p1,1694.0969]	[1,2,1,3,1686.0964]	[1,2,1,4,1700.0972]	[1,2,1,5,1765.101]	[1,2,1,p2,1689.0966]	[1,2,1,p3,1637.0937]	[1,2,1,p4,1679.0961]	
	13	कहा	[1,2,1,0,1571.0899]	[1,2,1,p1,1561.0893]	[1,2,1,3,1540.0881]	[1,2,1,4,1538.088]	[1,2,1,5,1592.0911]	[1,2,1,p2,1534.0877]	[1,2,1,p3,1506.0861]	[1,2,1,p4,1524.0872]	
	14	गोबर	[1,3,1,0,1472.0842]	[1,3,1,p1,1438.0822]	[1,4,1,2,1596.0913]	[1,3,1,4,1427.0816]	[1,3,1,5,1477.0845]	[1,3,1,p2,1439.0823]	[1,3,1,p3,1393.0797]	[1,3,1,p4,1414.0809]	
	15	ऊख	[1,1,1,0,1110.0635]	[1,1,1,2,1056.0604]	[1,1,1,3,1075.0615]	[1,1,1,4,1060.0606]	[1,1,1,5,1097.0627]	[1,1,1,p2,1077.0617]	[1,1,1,p3,1088.0623]	[1,1,1,p4,1530.0875]	
	16	गोड़ने	[1,2,1,0,1318.0754]	[1,2,1,p1,1284.0734]	[1,3,1,2,1426.0816]	[1,2,1,3,1287.0736]	[1,2,1,4,1290.0738]	[1,2,1,5,1319.0755]	[1,2,1,p2,1297.0741]	[1,2,1,p3,1297.0741]	[1,2,1,p4,1308.0748]	
	17	देना	[1,3,1,0,1440.0824]	[1,3,1,p1,1441.0824]	[1,4,1,2,1586.0908]	[1,3,1,4,1461.0835]	[1,3,1,5,1499.0857]	[1,3,1,p2,1455.0832]	[1,3,1,p3,1471.0841]	[1,3,1,p4,1582.0905]	
	18	मैं	[1,2,1,0,1467.08]	[1,2,1,p1,1456.08]	[1,2,1,3,1472.08]	[1,2,1,4,1470.08]	[1,2,1,5,1472.08]	[1,2,1,p3,1476.08]	[1,2,1,p4,1459.08]	
	19	जाने	[1,2,1,0,1299.0743]	[1,2,1,p1,1252.0716]	[1,4,1,2,1588.0908]	[1,2,1,3,1279.0731]	[1,2,1,4,1292.0739]	[1,2,1,5,1273.0729]	[1,4,1,p2,1619.0926]	[1,2,1,p3,1259.072]	[1,2,1,p4,1247.0714]	
	20	कब	[1,2,1,0,1571.0899]	[1,2,1,p1,1549.0886]	[1,2,1,3,1532.0877]	[1,2,1,4,1548.0886]	[1,2,1,5,1545.0883]	[1,2,1,p2,1582.0905]	[1,2,1,p3,1520.0869]	[1,2,1,p4,1523.0871]	
	21	लौटूं	[1,4,1,0,1466.0838]	[1,4,1,p1,1455.0832]	[1,3,1,2,1352.0774]	[1,4,1,3,1476.0844]	[1,4,1,4,1489.0852]	[1,4,1,5,1492.0854]	[1,4,1,p2,1516.0867]	[1,4,1,p3,1470.0841]	[1,4,1,p4,1470.0841]	

End Data
New Data
Sno:	Word:	Rank(Size,Key,Rank,errorAt):
	1	होरीराम	[1,2,1,0,1332.08]	[1,2,1,p1,1332.08]	[1,5,1,2,1687.10]	[1,2,1,3,1298.07]	[1,2,1,4,1265.07]	[1,2,1,5,1273.07]	[1,2,1,p2,1271.07]	[1,2,1,p3,1559.09]	[1,2,1,p4,1292.07]	[1,2,1,p5,1513.09]	
	2	ने	[1,2,1,0,1251.0715]	[1,2,1,p1,1262.0722]	[1,2,1,3,1279.0732]	[1,2,1,4,1282.0733]	[1,2,1,5,1264.0723]	[1,2,1,p2,1274.0729]	[1,2,1,p3,1503.086]	[1,2,1,p4,1245.0712]	[1,2,1,p5,1249.0715]	
	3	दोनों	[1,3,1,0,1423.0814]	[1,3,1,p1,1483.0848]	[1,4,1,3,1609.0921]	[1,3,1,4,1438.0823]	[1,3,1,5,1446.0827]	[1,3,1,p2,1431.0819]	[1,3,1,p3,1529.0874]	[1,3,1,p4,1433.0819]	[1,3,1,p5,1706.0976]	
	4	बैलों	[1,4,1,0,1947.1114]	[1,4,1,p1,1999.1143]	[1,4,1,4,1944.1112]	[1,4,1,5,1966.1124]	[1,4,1,p3,1951.1116]	[1,4,1,p4,2288.1309]	[1,4,1,p5,2201.1259]	
	5	को	[1,0,1,0,934.0534]	[1,2,1,0,1545.0884]	[1,0,1,p1,938.0537]	[1,2,1,p1,1548.0885]	[1,2,1,3,1531.0876]	[1,2,1,3,1550.0887]	[1,0,1,4,945.054]	[1,2,1,4,1537.0879]	[1,0,1,5,958.0548]	[1,2,1,5,1581.0904]	[1,0,1,p2,945.054]	[1,2,1,p2,1544.0883]	[1,0,1,p3,942.0539]	[1,2,1,p3,1522.087]	[1,0,1,p4,934.0535]	[1,2,1,p4,1536.0879]	[1,0,1,p5,904.0517]	[1,2,1,p5,1501.0858]	
	6	सानी	[1,4,1,0,2453.1403]	[1,4,1,p1,2460.1407]	[1,4,1,5,2480.1419]	[1,4,1,p2,2802.1603]	[1,4,1,p3,2615.1495]	[1,4,1,p4,2494.1426]	[1,4,1,p5,2431.139]	
	7	पानी	[1,3,1,0,1905.1089]	[1,3,1,p1,1928.1103]	[1,3,1,2,1915.1095]	[1,4,1,3,2683.1535]	[1,3,1,4,1920.1098]	[1,3,1,5,1920.1098]	[1,3,1,p2,1918.1097]	[1,3,1,p3,1938.1109]	[1,3,1,p4,1895.1084]	[1,3,1,p5,1882.1077]	
	8	देकर	[1,3,1,0,1451.083]	[1,3,1,p1,1907.109]	[1,3,1,2,1439.0823]	[1,3,1,4,1441.0825]	[1,3,1,5,1452.0831]	[1,3,1,p2,1473.0842]	[1,3,1,p3,1416.081]	[1,3,1,p4,1418.0811]	[1,3,1,p5,1750.1001]	
	9	अपनी	[1,4,1,0,2004.1146]	[1,4,1,p1,1992.1139]	[1,4,1,3,2009.1149]	[1,4,1,5,2064.118]	[1,4,1,p2,2032.1163]	[1,4,1,p3,1994.1141]	[1,4,1,p4,1997.1143]	[1,4,1,p5,1956.1118]	
	10	स्त्री	[1,3,1,0,2071.1184]	[1,3,1,p1,2090.1196]	[1,4,1,2,2486.1422]	[1,3,1,5,2759.1578]	[1,3,1,p2,2104.1204]	[1,3,1,p3,2025.1158]	[1,3,1,p4,2057.1176]	[1,3,1,p5,2064.1181]	
	11	धनिया	[1,3,1,0,1445.0826]	[1,3,1,p1,1441.0824]	[1,3,1,2,1458.0834]	[1,4,1,3,1608.092]	[1,3,1,4,1444.0826]	[1,3,1,5,1513.0865]	[1,3,1,p2,1431.0818]	[1,4,1,p3,1592.091]	[1,3,1,p4,1434.082]	[1,3,1,p5,1425.0815]	
	12	से	[1,2,1,0,1762.1008]	[1,2,1,p1,1694.0969]	[1,2,1,3,1686.0964]	[1,2,1,4,1700.0972]	[1,2,1,5,1765.101]	[1,2,1,p2,1689.0966]	[1,2,1,p3,1637.0937]	[1,2,1,p4,1679.0961]	[1,2,1,p5,1639.0938]	
	13	कहा	[1,2,1,0,1571.0899]	[1,2,1,p1,1561.0893]	[1,2,1,3,1540.0881]	[1,2,1,4,1538.088]	[1,2,1,5,1592.0911]	[1,2,1,p2,1534.0877]	[1,2,1,p3,1506.0861]	[1,2,1,p4,1524.0872]	[1,2,1,p5,1506.0862]	
	14	गोबर	[1,3,1,0,1472.0842]	[1,3,1,p1,1438.0822]	[1,4,1,2,1596.0913]	[1,3,1,4,1427.0816]	[1,3,1,5,1477.0845]	[1,3,1,p2,1439.0823]	[1,3,1,p3,1393.0797]	[1,3,1,p4,1414.0809]	[1,3,1,p5,1409.0806]	
	15	ऊख	[1,1,1,0,1110.0635]	[1,1,1,2,1056.0604]	[1,1,1,3,1075.0615]	[1,1,1,4,1060.0606]	[1,1,1,5,1097.0627]	[1,1,1,p2,1077.0617]	[1,1,1,p3,1088.0623]	[1,1,1,p4,1530.0875]	[1,1,1,p5,1039.0595]	
	16	गोड़ने	[1,2,1,0,1318.0754]	[1,2,1,p1,1284.0734]	[1,3,1,2,1426.0816]	[1,2,1,3,1287.0736]	[1,2,1,4,1290.0738]	[1,2,1,5,1319.0755]	[1,2,1,p2,1297.0741]	[1,2,1,p3,1297.0741]	[1,2,1,p4,1308.0748]	[1,2,1,p5,1243.0711]	
	17	देना	[1,3,1,0,1440.0824]	[1,3,1,p1,1441.0824]	[1,4,1,2,1586.0908]	[1,3,1,4,1461.0835]	[1,3,1,5,1499.0857]	[1,3,1,p2,1455.0832]	[1,3,1,p3,1471.0841]	[1,3,1,p4,1582.0905]	[1,3,1,p5,1891.1082]	
	18	मैं	[1,2,1,0,1467.08]	[1,2,1,p1,1456.08]	[1,2,1,3,1472.08]	[1,2,1,4,1470.08]	[1,2,1,5,1472.08]	[1,2,1,p3,1476.08]	[1,2,1,p4,1459.08]	[1,2,1,p5,1770.10]	
	19	जाने	[1,2,1,0,1299.0743]	[1,2,1,p1,1252.0716]	[1,4,1,2,1588.0908]	[1,2,1,3,1279.0731]	[1,2,1,4,1292.0739]	[1,2,1,5,1273.0729]	[1,4,1,p2,1619.0926]	[1,2,1,p3,1259.072]	[1,2,1,p4,1247.0714]	[1,2,1,p5,1239.0709]	
	20	कब	[1,2,1,0,1571.0899]	[1,2,1,p1,1549.0886]	[1,2,1,3,1532.0877]	[1,2,1,4,1548.0886]	[1,2,1,5,1545.0883]	[1,2,1,p2,1582.0905]	[1,2,1,p3,1520.0869]	[1,2,1,p4,1523.0871]	[1,2,1,p5,1491.0853]	
	21	लौटूं	[1,4,1,0,1466.0838]	[1,4,1,p1,1455.0832]	[1,3,1,2,1352.0774]	[1,4,1,3,1476.0844]	[1,4,1,4,1489.0852]	[1,4,1,5,1492.0854]	[1,4,1,p2,1516.0867]	[1,4,1,p3,1470.0841]	[1,4,1,p4,1470.0841]	[1,4,1,p5,1437.0822]	

End Data