
New Data
Sno:	Word:	Rank(Size,Key,Rank,errorAt):
	1	होरीराम	[7,1,3,0,22438.28]	[7,1,3,0,1222.07]	
	2	ने	[7,1,3,0,42340.4217]	[7,1,3,0,1155.0661]	
	3	दोनों	[7,1,6,0,50199.8712]	[7,1,6,0,1168.0669]	
	4	बैलों	[7,3,2,0,1923.11]	[7,3,2,0,1903.1088]	
	5	को	[7,0,1,0,959.0549]	[7,0,7,0,959.0549]	[7,0,1,0,1004.0574]	[7,0,7,0,978.056]	
	6	सानी	[7,4,1,0,2694.1541]	[7,4,1,0,2711.1551]	
	7	पानी	[7,2,5,0,1712.098]	[7,2,5,0,1700.0972]	
	8	देकर	[7,3,1,0,1653.0946]	[7,3,1,0,1646.0941]	
	9	अपनी	[7,1,5,0,1275.0729]	[7,1,5,0,1278.0731]	
	10	स्त्री	[7,2,5,0,1813.1037]	[7,2,5,0,1833.1049]	
	11	धनिया	[7,2,6,0,1419.0812]	[7,2,6,0,1420.0812]	
	12	से	[7,2,1,0,1823.1043]	[7,2,1,0,1809.1035]	
	13	कहा	[7,1,3,0,1290.0738]	[7,1,3,0,1334.0763]	
	14	गोबर	[7,3,1,0,1642.0939]	[7,3,1,0,1645.0941]	
	15	ऊख	[7,1,1,0,1142.0653]	[7,1,1,0,1122.0642]	
	16	गोड़ने	[7,1,2,0,1171.067]	[7,1,2,0,1191.0682]	
	17	भेज	[7,2,6,0,1591.091]	[7,2,6,0,1587.0907]	
	18	देना	[7,3,1,0,1627.093]	[7,3,1,0,1646.0942]	

End Data
New Data
Sno:	Word:	Rank(Size,Key,Rank,errorAt):
	1	होरीराम	[7,1,3,0,22438.28]	[7,1,3,0,1222.07]	[7,1,3,1,1305.07]	
	2	ने	[7,1,3,0,42340.4217]	[7,1,3,0,1155.0661]	[7,1,3,1,1219.0697]	
	3	दोनों	[7,1,6,0,50199.8712]	[7,1,6,0,1168.0669]	[7,1,6,1,1259.0721]	
	4	बैलों	[7,3,2,0,1923.11]	[7,3,2,0,1903.1088]	[7,3,2,1,1983.1134]	
	5	को	[7,0,1,0,959.0549]	[7,0,7,0,959.0549]	[7,0,1,0,1004.0574]	[7,0,7,0,978.056]	[7,0,1,1,1114.0638]	[7,0,7,1,962.055]	
	6	सानी	[7,4,1,0,2694.1541]	[7,4,1,0,2711.1551]	[7,4,1,1,3078.1761]	
	7	पानी	[7,2,5,0,1712.098]	[7,2,5,0,1700.0972]	[7,2,5,1,1702.0973]	
	8	देकर	[7,3,1,0,1653.0946]	[7,3,1,0,1646.0941]	[7,3,1,1,1626.093]	
	9	अपनी	[7,1,5,0,1275.0729]	[7,1,5,0,1278.0731]	[7,1,5,1,1270.0726]	
	10	स्त्री	[7,2,5,0,1813.1037]	[7,2,5,0,1833.1049]	[7,2,5,1,1809.1035]	
	11	धनिया	[7,2,6,0,1419.0812]	[7,2,6,0,1420.0812]	[7,2,6,1,1417.0811]	
	12	से	[7,2,1,0,1823.1043]	[7,2,1,0,1809.1035]	[7,2,1,1,1785.1021]	
	13	कहा	[7,1,3,0,1290.0738]	[7,1,3,0,1334.0763]	[7,1,3,1,1303.0746]	
	14	गोबर	[7,3,1,0,1642.0939]	[7,3,1,0,1645.0941]	[7,3,1,1,1618.0926]	
	15	ऊख	[7,1,1,0,1142.0653]	[7,1,1,0,1122.0642]	[7,1,1,1,1136.065]	
	16	गोड़ने	[7,1,2,0,1171.067]	[7,1,2,0,1191.0682]	[7,1,2,1,1174.0671]	
	17	भेज	[7,2,6,0,1591.091]	[7,2,6,0,1587.0907]	[7,2,6,1,1579.0903]	
	18	देना	[7,3,1,0,1627.093]	[7,3,1,0,1646.0942]	[7,3,1,1,1679.096]	

End Data