
New Data
Sno:	Word:	Rank(Size,Key,Rank,errorAt):
	1	होरीराम	[7,1,3,0,1389.08]	
	2	ने	[7,1,3,0,1335.0763]	
	3	दोनों	[7,1,6,0,1252.0716]	
	4	बैलों	[7,3,2,0,1964.1124]	
	5	को	[7,0,1,0,1020.0583]	[7,0,7,0,986.0564]	
	6	सानी	[7,4,1,0,2801.1602]	
	7	पानी	[7,2,5,0,1729.0989]	
	8	देकर	[7,3,1,0,1644.094]	
	9	अपनी	[7,1,5,0,1298.0743]	
	10	स्त्री	[7,2,5,0,1855.1061]	
	11	धनिया	[7,2,6,0,1426.0816]	
	12	से	[7,2,1,0,1839.1052]	
	13	कहा	[7,1,3,0,1342.0767]	
	14	गोबर	[7,3,1,0,1667.0953]	
	15	ऊख	[7,1,1,0,1149.0657]	
	16	गोड़ने	[7,1,2,0,1218.0697]	
	17	भेज	[7,2,6,0,1609.092]	
	18	देना	[7,3,1,0,1701.0973]	

End Data
New Data
Sno:	Word:	Rank(Size,Key,Rank,errorAt):
	1	होरीराम	[7,1,3,0,1389.08]	[7,1,3,p1,1284.07]	
	2	ने	[7,1,3,0,1335.0763]	[7,1,3,p1,1322.0756]	
	3	दोनों	[7,1,6,0,1252.0716]	[7,1,6,p1,1282.0734]	
	4	बैलों	[7,3,2,0,1964.1124]	
	5	को	[7,0,1,0,1020.0583]	[7,0,7,0,986.0564]	[7,1,6,p1,1404.0803]	[7,1,3,p1,1340.0766]	
	6	सानी	[7,4,1,0,2801.1602]	
	7	पानी	[7,2,5,0,1729.0989]	
	8	देकर	[7,3,1,0,1644.094]	
	9	अपनी	[7,1,5,0,1298.0743]	
	10	स्त्री	[7,2,5,0,1855.1061]	
	11	धनिया	[7,2,6,0,1426.0816]	
	12	से	[7,2,1,0,1839.1052]	
	13	कहा	[7,1,3,0,1342.0767]	
	14	गोबर	[7,3,1,0,1667.0953]	
	15	ऊख	[7,1,1,0,1149.0657]	
	16	गोड़ने	[7,1,2,0,1218.0697]	[7,1,2,p1,1238.0709]	
	17	भेज	[7,2,6,0,1609.092]	
	18	देना	[7,3,1,0,1701.0973]	

End Data
New Data
Sno:	Word:	Rank(Size,Key,Rank,errorAt):
	1	होरीराम	[7,1,3,0,1254.07]	
	2	ने	[7,1,3,0,1211.0692]	
	3	दोनों	[7,1,6,0,1173.0671]	
	4	बैलों	[7,3,2,0,1880.1076]	
	5	को	[7,0,1,0,957.0548]	[7,0,7,0,960.0549]	
	6	सानी	[7,4,1,0,2683.1534]	
	7	पानी	[7,2,5,0,1695.097]	
	8	देकर	[7,3,1,0,1652.0945]	
	9	अपनी	[7,1,5,0,1268.0726]	
	10	स्त्री	[7,2,5,0,1818.104]	
	11	धनिया	[7,2,6,0,1397.0799]	
	12	से	[7,2,1,0,1804.1032]	
	13	कहा	[7,1,3,0,1293.074]	
	14	गोबर	[7,3,1,0,1626.093]	
	15	ऊख	[7,1,1,0,1118.064]	
	16	गोड़ने	[7,1,2,0,1206.069]	
	17	भेज	[7,2,6,0,1573.09]	
	18	देना	[7,3,1,0,1679.0961]	

End Data
New Data
Sno:	Word:	Rank(Size,Key,Rank,errorAt):
	1	होरीराम	[7,1,3,0,1254.07]	[7,1,3,p1,1236.07]	
	2	ने	[7,1,3,0,1211.0692]	[7,1,3,p1,1169.0669]	
	3	दोनों	[7,1,6,0,1173.0671]	[7,1,6,p1,1178.0674]	
	4	बैलों	[7,3,2,0,1880.1076]	
	5	को	[7,0,1,0,957.0548]	[7,0,7,0,960.0549]	[7,1,6,p1,1312.0751]	[7,1,3,p1,1356.0775]	
	6	सानी	[7,4,1,0,2683.1534]	
	7	पानी	[7,2,5,0,1695.097]	
	8	देकर	[7,3,1,0,1652.0945]	
	9	अपनी	[7,1,5,0,1268.0726]	
	10	स्त्री	[7,2,5,0,1818.104]	
	11	धनिया	[7,2,6,0,1397.0799]	
	12	से	[7,2,1,0,1804.1032]	
	13	कहा	[7,1,3,0,1293.074]	
	14	गोबर	[7,3,1,0,1626.093]	
	15	ऊख	[7,1,1,0,1118.064]	
	16	गोड़ने	[7,1,2,0,1206.069]	[7,1,2,p1,1210.0692]	
	17	भेज	[7,2,6,0,1573.09]	
	18	देना	[7,3,1,0,1679.0961]	

End Data
New Data
Sno:	Word:	Rank(Size,Key,Rank,errorAt):
	1	होरीराम	[7,1,3,0,1254.07]	[7,1,3,p1,1236.07]	
	2	ने	[7,1,3,0,1211.0692]	[7,1,3,p1,1169.0669]	
	3	दोनों	[7,1,6,0,1173.0671]	[7,1,6,p1,1178.0674]	
	4	बैलों	[7,3,2,0,1880.1076]	
	5	को	[7,0,1,0,957.0548]	[7,0,7,0,960.0549]	[7,1,6,p1,1312.0751]	[7,1,3,p1,1356.0775]	
	6	सानी	[7,4,1,0,2683.1534]	
	7	पानी	[7,2,5,0,1695.097]	
	8	देकर	[7,3,1,0,1652.0945]	
	9	अपनी	[7,1,5,0,1268.0726]	
	10	स्त्री	[7,2,5,0,1818.104]	
	11	धनिया	[7,2,6,0,1397.0799]	
	12	से	[7,2,1,0,1804.1032]	
	13	कहा	[7,1,3,0,1293.074]	
	14	गोबर	[7,3,1,0,1626.093]	
	15	ऊख	[7,1,1,0,1118.064]	[7,0,5,2,990.0566]	
	16	गोड़ने	[7,1,2,0,1206.069]	[7,1,2,p1,1210.0692]	
	17	भेज	[7,2,6,0,1573.09]	
	18	देना	[7,3,1,0,1679.0961]	

End Data
New Data
Sno:	Word:	Rank(Size,Key,Rank,errorAt):
	1	होरीराम	[7,1,3,0,1254.07]	[7,1,3,p1,1236.07]	
	2	ने	[7,1,3,0,1211.0692]	[7,1,3,p1,1169.0669]	
	3	दोनों	[7,1,6,0,1173.0671]	[7,1,6,p1,1178.0674]	
	4	बैलों	[7,3,2,0,1880.1076]	
	5	को	[7,0,1,0,957.0548]	[7,0,7,0,960.0549]	[7,1,6,p1,1312.0751]	[7,1,3,p1,1356.0775]	
	6	सानी	[7,4,1,0,2683.1534]	
	7	पानी	[7,2,5,0,1695.097]	
	8	देकर	[7,3,1,0,1652.0945]	
	9	अपनी	[7,1,5,0,1268.0726]	
	10	स्त्री	[7,2,5,0,1818.104]	
	11	धनिया	[7,2,6,0,1397.0799]	
	12	से	[7,2,1,0,1804.1032]	
	13	कहा	[7,1,3,0,1293.074]	
	14	गोबर	[7,3,1,0,1626.093]	
	15	ऊख	[7,1,1,0,1118.064]	[7,0,5,2,990.0566]	
	16	गोड़ने	[7,1,2,0,1206.069]	[7,1,2,p1,1210.0692]	
	17	भेज	[7,2,6,0,1573.09]	
	18	देना	[7,3,1,0,1679.0961]	

End Data