
New Data
Sno:	Word:	Rank(Size,Key,Rank,errorAt):
	1	होरीराम	[7,1,3,2,1274.07]	
	2	ने	[7,1,3,2,1167.0668]	
	3	दोनों	[7,1,6,2,1175.0672]	
	4	बैलों	[7,3,2,2,1881.1076]	
	5	को	[7,0,1,2,956.0547]	[7,0,7,2,998.0571]	
	6	सानी	[7,4,1,2,2685.1535]	
	7	पानी	[7,2,5,2,1708.0977]	
	8	देकर	[7,3,1,2,1628.0931]	
	9	अपनी	[7,1,5,2,1277.073]	
	10	स्त्री	[7,2,5,2,1801.103]	
	11	धनिया	[7,2,6,2,1403.0802]	
	12	से	[7,2,1,2,1934.1106]	
	13	कहा	[7,1,3,2,1338.0765]	
	14	गोबर	[7,3,1,2,1683.0963]	
	15	ऊख	[7,1,1,2,1125.0644]	
	16	गोड़ने	[7,1,2,2,1200.0687]	
	17	भेज	[7,2,6,2,1584.0906]	
	18	देना	[7,3,1,2,1615.0923]	

End Data
New Data
Sno:	Word:	Rank(Size,Key,Rank,errorAt):
	1	होरीराम	[7,1,3,2,7267.42]	
	2	ने	[7,1,3,2,26526.5173]	
	3	दोनों	[7,1,6,2,13040.7459]	
	4	बैलों	[7,4,4,2,58203.3291]	
	5	को	[7,0,1,2,952.0544]	[7,0,7,2,964.0551]	
	6	सानी	[7,4,1,2,2634.1506]	
	7	पानी	[7,3,1,2,2065.1182]	
	8	देकर	[7,3,6,2,1616.0924]	
	9	अपनी	[7,1,5,2,1236.0707]	
	10	धनिया	[7,3,3,2,1608.092]	
	11	कहा	[7,3,5,2,2007.1148]	
	12	गोबर	[7,4,3,2,1811.1036]	
	13	ऊख	[7,1,1,2,1111.0635]	
	14	गोड़ने	[7,1,2,2,1176.0673]	

End Data