
New Data
Sno:	Word:	Rank(Size,Key,Rank,errorAt):
	1	होरीराम	[7,1,3,0,1751.10]	
	2	ने	[7,1,3,0,1424.0814]	
	3	दोनों	[7,1,6,0,1396.0798]	
	4	बैलों	[7,3,2,0,2334.1335]	
	5	को	[7,0,1,0,1140.0652]	[7,0,7,0,1073.0614]	
	6	सानी	[7,4,1,0,3524.2016]	
	7	पानी	[7,2,5,0,2234.1277]	
	8	देकर	[7,3,1,0,2095.1198]	
	9	अपनी	[7,1,5,0,1431.0819]	
	10	स्त्री	[7,2,5,0,2082.1191]	
	11	धनिया	[7,2,6,0,1667.0954]	
	12	से	[7,2,1,0,2127.1216]	
	13	कहा	[7,1,3,0,1554.0888]	
	14	गोबर	[7,3,1,0,1930.1104]	
	15	ऊख	[7,1,1,0,1435.0821]	
	16	गोड़ने	[7,1,2,0,1500.0858]	
	17	भेज	[7,2,6,0,2003.1146]	
	18	देना	[7,3,1,0,2117.1211]	

End Data
New Data
Sno:	Word:	Rank(Size,Key,Rank,errorAt):
	1	होरीराम	[7,1,3,0,1751.10]	[7,1,3,p1,1544.09]	
	2	ने	[7,1,3,0,1424.0814]	[7,1,3,p1,1828.1046]	
	3	दोनों	[7,1,6,0,1396.0798]	[7,1,6,p1,2290.1309]	
	4	बैलों	[7,3,2,0,2334.1335]	[7,3,2,p1,2829.1619]	
	5	को	[7,0,1,0,1140.0652]	[7,0,7,0,1073.0614]	[7,0,1,p1,1115.0638]	[7,0,7,p1,1128.0645]	
	6	सानी	[7,4,1,0,3524.2016]	[7,4,1,p1,4078.2333]	
	7	पानी	[7,2,5,0,2234.1277]	[7,2,5,p1,2495.1427]	
	8	देकर	[7,3,1,0,2095.1198]	[7,3,1,p1,2276.1302]	
	9	अपनी	[7,1,5,0,1431.0819]	[7,1,5,p1,1632.0933]	
	10	स्त्री	[7,2,5,0,2082.1191]	[7,2,5,p1,3254.1862]	
	11	धनिया	[7,2,6,0,1667.0954]	[7,3,1,p1,2578.1475]	
	12	से	[7,2,1,0,2127.1216]	[7,2,1,p1,2694.1541]	
	13	कहा	[7,1,3,0,1554.0888]	[7,1,3,p1,1940.1109]	
	14	गोबर	[7,3,1,0,1930.1104]	[7,3,1,p1,2379.1361]	
	15	ऊख	[7,1,1,0,1435.0821]	
	16	गोड़ने	[7,1,2,0,1500.0858]	[7,1,2,p1,1670.0955]	
	17	भेज	[7,2,6,0,2003.1146]	
	18	देना	[7,3,1,0,2117.1211]	[7,2,7,p1,2058.1177]	

End Data
New Data
Sno:	Word:	Rank(Size,Key,Rank,errorAt):
	1	होरीराम	[7,1,3,0,1751.10]	[7,1,3,p1,1544.09]	[7,1,3,2,1902.11]	
	2	ने	[7,1,3,0,1424.0814]	[7,1,3,p1,1828.1046]	[7,1,3,2,1348.0771]	
	3	दोनों	[7,1,6,0,1396.0798]	[7,1,6,p1,2290.1309]	[7,1,6,2,1624.0929]	
	4	बैलों	[7,3,2,0,2334.1335]	[7,3,2,p1,2829.1619]	[7,5,4,2,2950.1687]	
	5	को	[7,0,1,0,1140.0652]	[7,0,7,0,1073.0614]	[7,0,1,p1,1115.0638]	[7,0,7,p1,1128.0645]	[7,0,1,2,1032.059]	[7,0,7,2,1271.0727]	
	6	सानी	[7,4,1,0,3524.2016]	[7,4,1,p1,4078.2333]	[7,4,7,2,3230.1847]	
	7	पानी	[7,2,5,0,2234.1277]	[7,2,5,p1,2495.1427]	[7,3,1,2,2539.1452]	
	8	देकर	[7,3,1,0,2095.1198]	[7,3,1,p1,2276.1302]	[7,3,1,2,1931.1105]	
	9	अपनी	[7,1,5,0,1431.0819]	[7,1,5,p1,1632.0933]	[7,1,5,2,1416.081]	
	10	स्त्री	[7,2,5,0,2082.1191]	[7,2,5,p1,3254.1862]	
	11	धनिया	[7,2,6,0,1667.0954]	[7,3,1,p1,2578.1475]	[7,3,1,2,2189.1252]	
	12	से	[7,2,1,0,2127.1216]	[7,2,1,p1,2694.1541]	
	13	कहा	[7,1,3,0,1554.0888]	[7,1,3,p1,1940.1109]	
	14	गोबर	[7,3,1,0,1930.1104]	[7,3,1,p1,2379.1361]	[7,3,2,2,2218.1268]	
	15	ऊख	[7,1,1,0,1435.0821]	[7,1,1,2,1369.0783]	
	16	गोड़ने	[7,1,2,0,1500.0858]	[7,1,2,p1,1670.0955]	[7,1,2,2,1428.0817]	
	17	भेज	[7,2,6,0,2003.1146]	
	18	देना	[7,3,1,0,2117.1211]	[7,2,7,p1,2058.1177]	[7,3,3,2,2006.1147]	

End Data
New Data
Sno:	Word:	Rank(Size,Key,Rank,errorAt):
	1	होरीराम	[7,1,3,0,1500.09]	
	2	ने	[7,1,3,0,1399.08]	
	3	दोनों	[7,1,6,0,1459.0834]	
	4	बैलों	[7,3,2,0,2608.1491]	
	5	को	[7,0,1,0,1146.0656]	[7,0,7,0,1084.062]	
	6	सानी	[7,4,1,0,3548.2029]	
	7	पानी	[7,2,5,0,2131.1219]	
	8	देकर	[7,3,1,0,2390.1367]	
	9	अपनी	[7,1,5,0,1855.1061]	
	10	स्त्री	[7,2,5,0,2190.1252]	
	11	धनिया	[7,2,6,0,1703.0974]	
	12	से	[7,2,1,0,2232.1276]	
	13	कहा	[7,1,3,0,1520.0869]	
	14	गोबर	[7,3,1,0,1967.1125]	
	15	ऊख	[7,1,1,0,1360.0778]	
	16	गोड़ने	[7,1,2,0,1396.0798]	
	17	भेज	[7,2,6,0,1863.1065]	
	18	देना	[7,3,1,0,2110.1207]	

End Data