
New Data
Sno:	Word:	Rank(Size,Key,Rank,errorAt):
	1	होरीराम	[7,1,3,p1,1330.08]	
	2	ने	[7,1,3,p1,1208.0691]	
	3	दोनों	[7,1,6,p1,1245.0712]	
	4	बैलों	[7,3,2,p1,2117.1211]	
	5	को	[7,0,1,p1,1099.0628]	[7,0,7,p1,999.0571]	
	6	सानी	[7,4,1,p1,2956.169]	
	7	पानी	[7,2,5,p1,1767.1011]	
	8	देकर	[7,3,1,p1,1692.0968]	
	9	अपनी	[7,1,5,p1,1320.0755]	
	10	स्त्री	[7,2,5,p1,1880.1075]	
	11	धनिया	[7,3,1,p1,1682.0963]	
	12	से	[7,2,1,p1,1871.107]	
	13	कहा	[7,1,3,p1,1363.078]	
	14	गोबर	[7,3,1,p1,1670.0956]	
	15	गोड़ने	[7,1,2,p1,1242.0711]	
	16	देना	[7,2,7,p1,1448.0828]	

End Data
New Data
Sno:	Word:	Rank(Size,Key,Rank,errorAt):
	1	होरीराम	[7,1,3,p1,1330.08]	[7,1,3,2,1310.07]	
	2	ने	[7,1,3,p1,1208.0691]	[7,1,3,2,1216.0696]	
	3	दोनों	[7,1,6,p1,1245.0712]	[7,1,6,2,1213.0694]	
	4	बैलों	[7,3,2,p1,2117.1211]	[7,4,4,2,2259.1292]	
	5	को	[7,0,1,p1,1099.0628]	[7,0,7,p1,999.0571]	[7,0,1,2,983.0562]	[7,0,7,2,1001.0573]	
	6	सानी	[7,4,1,p1,2956.169]	
	7	पानी	[7,2,5,p1,1767.1011]	[7,4,1,2,2536.1451]	
	8	देकर	[7,3,1,p1,1692.0968]	[7,3,1,2,1678.096]	
	9	अपनी	[7,1,5,p1,1320.0755]	[7,1,5,2,1331.0761]	
	10	स्त्री	[7,2,5,p1,1880.1075]	
	11	धनिया	[7,3,1,p1,1682.0963]	[7,3,2,2,1680.0961]	
	12	से	[7,2,1,p1,1871.107]	[7,2,1,2,1865.1067]	
	13	कहा	[7,1,3,p1,1363.078]	[7,1,3,2,1893.1082]	
	14	गोबर	[7,3,1,p1,1670.0956]	[7,3,2,2,1654.0946]	
	15	गोड़ने	[7,1,2,p1,1242.0711]	[7,1,2,2,1229.0703]	
	16	देना	[7,2,7,p1,1448.0828]	[7,3,3,2,1690.0967]	
	17	ऊख	[7,1,1,2,1176.0672]	

End Data